6 6 7 6 7 5 6 7 6 7 25 19 14 14 14 14 14 14 14 14 14 14 14 14 14 14 14 14 14 14 14 14 14 14 14 14 14 14 14 14 14 14 14 14 14 14 14 14 14 14 14 14 14 14 14 14 14 14 14 16 28 5 6 7 5 7 5 7 7 6 5 5 7 6 7 23 14 14 14 14 14 14 14 14 14 14 14 14 14 15 6 6 7 6 23 14 14 14 14 14 14 14 14 14 14 14 14 20 34 5 7 7 6 6 7 5 5 5 7 7 7 6 6 26 35 28 7 6 6 6 7 6 5 7 6 7 6 26 17 14 14 14 14 14 14 14 14 14 14 14
6 7 7 7 5 7 6 6 6 25 19 14 14 14 14 14 14 14 14 14 14 14 14 14 14 14 14 14 14 14 14 14 14 14 14 14 14 14 14 14 14 14 14 14 14 14 14 14 14 14 14 14 14 14 14 14 14 14 16 28 5 5 5 7 5 5 5 7 7 6 5 5 6 7 7 23 14 14 14 14 14 14 14 14 14 14 14 14 16 28 7 6 6 7 26 17 14 14 14 14 14 14 14 14 14 14 14 14 15 5 7 6 7 5 6 5 5 7 5 5 7 5 7 7 6 7 6 5 5 5 6 5 7 5 6 6 6 7 23 14 14 14 14 14 14 14 14 14 14 14
5 5 7 5 5 7 7 7 25 19 14 14 14 14 14 14 14 14 14 14 14 14 14 14 14 14 14 14 14 14 14 14 14 14 14 14 14 14 14 14 14 14 14 14 14 14 14 14 14 14 14 14 14 14 14 14 14 16 28 5 5 6 7 5 7 7 6 5 5 7 7 5 5 7 7 23 14 14 14 14 14 14 14 14 14 14 14 14 15 6 5 5 6 6 5 26 17 14 14 14 14 14 14 14 14 14 14 14 20 34 7 7 6 5 5 7 6 7 7 7 5 6 6 7 7 5 5 5 6 7 6 7 5 5 7 5 7 5 26 35 17 14 14 14 14 14 14 14 14 14
7 7 6 5 6 6 7 25 19 14 14 14 14 14 14 14 14 14 14 14 14 14 14 14 14 14 14 14 14 14 14 14 14 14 14 14 14 14 14 14 14 14 14 14 14 14 14 14 14 14 14 14 14 14 14 14 16 28 7 5 6 5 5 6 7 6 7 7 6 5 7 5 7 6 5 23 14 14 14 14 14 14 14 14 14 14 14 16 28 6 5 5 7 7 5 7 26 17 14 14 14 14 14 14 14 14 14 14 14 20 34 6 6 5 6 5 5 7 5 7 6 5 6 7 5 6 5 7 6 7 5 5 6 5 5 7 7 7 7 6 26 17 14 14 14 14 14 16 35 17
6 7 7 7 5 6 25 19 14 14 14 14 14 14 14 14 14 14 14 14 14 14 14 14 14 14 14 14 14 14 14 14 14 14 14 14 14 14 14 14 14 14 14 14 14 14 14 14 14 14 14 14 14 14 14 16 28 7 5 6 5 5 5 6 7 5 7 6 7 6 5 5 7 5 5 23 14 14 14 14 14 14 14 14 14 14 14 15 5 5 6 5 5 6 7 5 6 26 17 14 14 14 14 14 14 14 14 14 14 14 15 7 6 6 7 6 7 6 6 5 6 7 6 7 7 5 7 5 7 6 5 7 6 6 5 7 7 7 7 6 7 26 35 35 35 35 35 28 7 26
6 5 7 5 7 25 19 14 14 14 14 14 14 14 14 14 14 14 14 14 14 14 14 14 14 14 14 14 14 14 14 14 14 14 14 14 14 14 14 14 14 14 14 14 14 14 14 14 14 14 14 14 14 14 16 28 7 5 7 6 7 6 5 5 6 5 5 5 5 7 5 5 6 7 25 19 14 14 14 14 14 14 14 14 14 14 16 28 7 7 6 5 7 7 7 6 7 5 26 35 17 14 14 14 14 14 14 14 14 14 20 34 6 6 7 6 5 5 5 5 7 6 6 5 5 5 7 7 7 5 5 6 7 6 7 7 6 7 5 7 6 6 6 6 7 6 7 6 6 6
5 7 5 5 25 19 14 14 14 14 14 14 14 14 14 14 14 14 14 14 14 14 14 14 14 14 14 14 14 14 14 14 14 14 14 14 14 14 14 14 14 14 14 14 14 14 14 14 14 14 14 14 14 16 28 6 5 7 5 5 7 5 6 7 6 7 5 5 7 5 7 5 7 6 23 14 14 14 14 14 14 14 14 14 14 14 15 5 7 7 7 7 5 7 6 7 7 6 6 7 26 17 14 14 14 14 14 14 14 14 14 20 34 6 7 6 5 7 6 5 6 6 7 6 5 7 6 7 6 6 5 7 6 7 5 6 5 5 5 5 7 7 7 6 7 6 5 6 6 5
5 5 5 25 19 14 14 14 14 14 14 14 14 14 14 14 14 14 14 14 14 14 14 14 14 14 14 14 14 14 14 14 14 14 14 14 14 14 14 14 14 14 14 14 14 14 14 14 14 14 14 14 16 28 7 5 6 6 7 5 7 7 6 5 5 7 6 7 7 6 6 6 7 5 23 14 14 14 14 14 14 14 14 14 14 14 15 5 7 5 5 7 6 7 7 5 6 7 5 5 5 26 17 14 14 14 14 14 14 14 14 14 15 7 5 5 6 7 5 6 6 6 6 6 5 7 7 5 5 5 6 7 7 5 7 7 6 7 7 7 7 5 6 6 7 6 7 5 7 5
6 6 25 19 14 14 14 14 14 14 14 14 14 14 14 14 14 14 14 14 14 14 14 14 14 14 14 14 14 14 14 14 14 14 14 14 14 14 14 14 14 14 14 14 14 14 14 14 14 14 16 35 28 5 6 5 6 7 7 6 7 7 7 5 5 7 6 7 6 6 7 5 7 7 23 14 14 14 14 14 14 14 14 14 14 16 28 6 6 5 5 5 7 7 6 6 6 6 5 7 5 5 26 17 14 14 14 14 14 14 14 14 20 34 5 5 7 6 6 7 5 5 7 5 6 5 6 25 21 21 21 21 21 34 6 7 6 5 6 6 5 5 7 5 5 5 5 6 7 7
6 25 19 14 14 14 14 14 14 14 14 14 14 14 14 14 14 14 14 14 14 14 14 14 14 14 14 14 14 14 14 14 14 14 14 14 14 14 14 14 14 14 14 14 14 14 14 14 16 35 28 5 5 7 5 5 7 6 7 7 7 6 5 5 7 7 6 6 7 7 7 6 5 25 19 14 14 14 14 14 14 14 14 14 14 15 6 5 6 7 7 6 7 7 5 6 6 5 5 7 5 6 6 26 17 14 14 14 14 14 14 14 14 20 34 5 5 7 6 6 7 7 7 6 7 25 21 19 14 14 14 14 14 20 21 21 34 5 7 7 6 7 5 7 7 5 7 6 7 7
25 19 14 14 14 14 14 14 14 14 14 14 14 14 14 14 14 14 14 14 16 35 35 35 35 17 14 14 14 14 14 14 14 14 14 14 14 14 14 14 14 14 14 14 14 14 14 16 28 5 5 6 5 6 5 6 7 7 5 5 7 5 7 7 5 7 5 7 6 5 5 5 5 23 14 14 14 14 14 14 14 14 14 14 14 15 5 5 6 7 5 6 7 5 7 7 5 7 5 5 6 5 7 7 23 14 14 14 14 14 14 14 14 14 20 34 7 5 7 6 7 6 6 5 25 19 14 14 14 14 14 14 14 14 14 14 20 34 6 7 7 6 6 5 7 5 5 7 5 7
19 14 14 14 14 14 14 14 14 14 14 14 14 14 14 14 14 14 16 35 28 5 5 7 7 26 35 17 14 14 14 14 14 14 14 14 14 14 14 14 14 14 14 14 14 14 16 28 6 6 6 7 6 7 25 21 21 34 6 7 6 5 7 5 6 7 5 6 6 6 5 5 6 23 14 14 14 14 14 14 14 14 14 14 14 15 5 5 7 7 6 25 21 34 5 7 7 5 7 6 7 5 6 7 26 17 14 14 14 14 14 14 14 14 14 15 5 5 6 5 5 6 25 21 19 14 14 14 14 14 14 14 14 14 14 14 14 15 5 5 5 5 7 7 6 5 5 7 6 7
14 14 14 14 14 14 14 14 14 14 14 14 14 14 14 14 16 35 28 6 6 7 5 5 5 5 7 26 17 14 14 14 14 14 14 14 14 14 14 14 14 14 14 14 14 16 28 5 7 5 6 7 25 21 19 14 14 20 21 34 6 6 5 6 6 6 7 6 6 5 5 6 6 26 17 14 14 14 14 14 14 14 14 14 14 15 5 6 6 5 25 19 14 20 34 6 6 6 5 6 6 7 6 7 5 23 14 14 14 14 14 14 14 14 14 20 34 6 7 7 5 25 19 14 14 14 14 14 14 14 14 14 14 14 14 14 14 15 6 5 6 7 7 5 6 5 5 7 6 5
14 14 14 14 14 14 14 14 14 14 14 14 14 14 14 16 28 7 6 7 5 7 5 7 6 6 6 7 23 14 14 14 14 14 14 14 14 14 14 14 14 14 14 14 14 15 6 6 6 5 5 25 19 14 14 14 14 14 14 20 21 34 7 7 7 6 7 5 6 7 6 6 7 6 23 14 14 14 14 14 14 14 14 14 14 15 7 7 6 25 19 14 14 14 15 7 7 5 7 7 6 5 5 7 6 23 14 14 14 14 14 14 14 14 14 14 20 34 5 7 25 19 14 14 14 14 14 14 14 14 14 14 14 14 14 14 14 15 6 5 5 7 6 5 6 5 7 7 6 6
14 14 14 14 14 14 14 14 14 14 14 14 14 16 35 28 6 6 6 5 5 5 5 6 6 5 5 5 23 14 14 14 14 14 14 14 14 14 14 14 14 14 14 14 16 28 6 6 5 7 7 23 14 14 14 14 14 14 14 14 14 20 34 7 7 6 5 7 7 7 5 6 6 7 26 17 14 14 14 14 14 14 14 14 14 20 34 6 25 19 14 14 14 14 20 34 7 5 7 7 5 7 6 6 6 23 14 14 14 14 14 14 14 14 14 14 14 20 21 21 19 14 14 14 14 14 14 14 14 14 14 14 14 14 14 14 14 15 7 5 6 6 6 7 6 7 6 5 5 5
14 14 14 14 14 14 14 14 14 14 14 16 35 28 5 6 6 6 7 7 7 6 7 7 5 5 7 6 23 14 14 14 14 14 14 14 14 14 14 14 14 14 14 14 15 5 5 6 5 7 7 23 14 14 14 14 14 14 14 14 14 14 20 21 34 7 5 6 6 7 5 5 7 6 5 26 17 14 14 14 14 14 14 14 14 14 20 21 19 14 14 14 14 14 14 20 34 7 6 5 7 7 6 7 7 26 17 14 14 14 14 14 14 14 14 14 14 14 14 14 14 14 14 14 14 14 14 14 14 14 14 14 14 14 14 14 14 15 7 7 7 7 7 5 7 5 7 7 7 25
14 14 14 14 14 14 14 14 14 14 16 28 7 6 7 7 7 7 5 6 7 7 6 5 5 7 5 25 19 14 14 14 14 14 14 14 14 14 14 14 14 14 14 16 28 6 5 5 7 7 7 23 14 14 14 14 14 14 14 14 14 14 14 14 20 34 7 5 5 5 7 7 6 7 7 5 26 17 14 14 14 14 14 14 14 14 14 14 14 14 14 14 14 14 14 14 20 34 5 5 7 5 5 6 6 6 23 14 14 14 14 14 14 14 14 14 14 14 14 14 14 14 14 14 14 14 14 14 14 14 14 14 14 14 14 14 16 28 6 5 6 5 5 6 7 5 7 7 6 23
14 14 14 14 14 14 14 14 14 16 28 5 7 7 6 7 6 7 7 6 6 7 5 5 5 5 25 19 14 14 14 14 14 14 14 14 14 14 14 14 14 14 16 28 6 5 7 5 5 5 6 23 14 14 14 14 14 14 14 14 14 14 14 14 14 20 34 5 5 7 7 7 7 6 5 7 7 26 17 14 14 14 14 14 14 14 14 14 14 14 14 14 14 14 14 14 14 20 34 7 5 5 5 5 6 5 23 14 14 14 14 14 14 14 14 14 14 14 14 14 14 14 14 14 14 14 14 14 14 14 14 14 14 14 14 16 28 7 7 7 5 5 5 5 7 7 5 6 25 19
14 14 14 14 14 14 14 14 14 15 7 5 5 5 7 5 6 5 5 6 5 7 7 6 25 21 19 14 14 14 14 14 14 14 14 14 14 14 14 14 14 16 28 7 7 5 5 6 7 6 6 23 14 14 14 14 14 14 14 14 14 14 14 14 14 14 15 5 5 7 5 7 7 5 7 5 5 6 23 14 14 14 14 14 14 14 14 14 14 14 14 14 14 14 14 14 14 14 20 21 34 7 6 5 7 6 23 14 14 14 14 14 14 14 14 14 14 14 14 14 14 14 14 14 14 14 14 14 14 14 14 14 14 14 16 28 5 7 7 5 6 5 6 6 7 6 7 5 23 14
14 14 14 14 14 14 14 14 16 28 6 6 7 5 6 5 5 6 7 6 7 5 25 21 19 14 14 14 14 14 14 14 14 14 14 14 14 14 14 14 16 28 5 6 7 5 5 6 6 5 6 23 14 14 14 14 14 14 14 14 14 14 14 14 14 14 20 34 7 7 6 7 5 5 6 7 6 5 26 17 14 14 14 14 14 14 14 14 14 14 14 14 14 14 14 14 14 14 14 14 20 21 34 7 5 6 26 17 14 14 14 14 14 14 14 14 14 14 14 14 14 14 14 14 14 14 14 14 14 14 14 14 14 16 28 6 7 7 7 6 6 6 5 7 5 5 7 6 23 14
14 14 14 14 14 14 14 14 15 6 6 7 7 6 7 7 7 6 5 5 5 25 19 14 14 14 14 14 14 14 14 14 14 14 14 14 14 14 14 16 28 7 7 5 6 5 5 6 7 6 7 23 14 14 14 14 14 14 14 14 14 14 14 14 14 14 14 15 7 7 6 6 6 5 7 6 7 5 5 23 14 14 14 14 14 14 14 14 14 14 14 14 14 14 14 14 14 14 14 14 14 14 20 34 5 5 7 23 14 14 14 14 14 14 14 14 14 14 14 14 14 14 14 14 14 14 14 14 14 14 14 14 16 28 7 5 5 7 5 6 5 6 6 5 6 5 7 5 23 14
14 14 14 14 14 14 14 14 15 5 7 5 7 6 7 5 7 6 6 5 25 19 14 14 14 14 14 14 14 14 14 14 14 14 14 14 14 14 16 28 5 5 6 7 6 5 6 5 7 5 6 23 14 14 14 14 14 14 14 14 14 14 14 14 14 14 14 15 5 7 5 7 6 5 6 7 7 5 6 23 14 14 14 14 14 14 14 14 14 14 14 14 14 14 14 14 14 14 14 14 14 14 14 20 21 34 5 23 14 14 14 14 14 14 14 14 14 14 14 14 14 14 14 14 14 14 14 14 14 14 14 16 28 5 5 7 7 5 7 5 6 7 6 5 6 5 6 6 23 14
14 14 14 14 14 14 14 14 15 7 5 5 6 5 5 7 5 5 25 21 19 14 14 14 14 14 14 14 14 14 14 14 14 14 14 14 14 16 28 7 7 7 6 5 6 6 5 5 6 6 6 23 14 14 14 14 14 14 14 14 14 14 14 14 14 14 16 28 6 6 7 6 6 5 7 7 7 5 7 23 14 14 14 14 14 14 14 14 14 14 14 14 14 14 14 14 14 14 14 14 14 14 14 14 14 20 34 26 17 14 14 14 14 14 14 14 14 14 14 14 14 14 14 14 14 14 14 14 14 14 16 28 5 5 6 6 7 5 5 6 7 7 5 6 6 5 5 6 23 14
14 14 14 14 14 14 14 14 15 6 5 5 7 7 6 6 5 25 19 14 14 14 14 14 14 14 14 14 14 14 14 14 14 14 14 14 16 28 5 5 7 5 7 5 6 5 5 7 6 5 7 23 14 14 14 14 14 14 14 14 14 14 14 14 14 14 15 5 7 5 5 5 5 7 7 7 6 7 25 19 14 14 14 14 14 14 14 14 14 14 14 14 14 14 14 14 14 14 14 14 14 14 14 14 14 14 20 6 23 14 14 14 14 14 14 14 14 14 14 14 14 14 14 14 14 14 14 14 14 16 28 6 5 6 6 6 7 5 5 6 6 7 5 7 7 6 5 6 26 17
14 14 14 14 14 14 14 14 20 34 5 7 7 6 5 5 25 19 14 14 14 14 14 14 14 14 14 14 14 14 14 14 14 14 14 16 28 7 7 6 5 5 7 7 5 5 6 5 6 6 5 23 14 14 14 14 14 14 14 14 14 14 14 14 14 14 15 5 6 5 6 5 7 6 7 5 5 25 19 14 14 14 14 14 14 14 14 14 14 14 14 14 14 14 14 14 14 14 14 14 14 14 14 14 14 14 14 15 26 17 14 14 14 14 14 14 14 14 14 14 14 14 14 14 14 14 14 14 16 28 7 6 7 7 6 5 5 5 5 7 5 6 7 5 5 5 5 6 7 23
14 14 14 14 14 14 14 14 14 20 34 7 6 5 5 25 19 14 14 14 14 14 14 14 14 14 14 14 14 14 14 14 14 14 16 28 6 5 6 6 6 6 6 6 7 5 6 7 6 7 5 23 14 14 14 14 14 14 14 14 14 14 14 14 14 16 28 5 5 6 6 6 7 7 6 5 25 19 14 14 14 14 14 14 14 14 14 14 14 14 14 14 14 14 14 14 14 14 14 14 14 14 14 14 14 14 14 15 5 23 14 14 14 14 14 14 14 14 14 14 14 14 14 14 14 14 16 35 28 6 7 6 6 7 7 5 5 6 6 6 6 6 5 7 5 6 5 5 5 26
14 14 14 14 14 14 14 14 14 14 20 34 6 5 25 19 14 14 14 14 14 14 14 14 14 14 14 14 14 14 14 14 14 16 28 5 5 6 7 7 6 6 5 6 6 6 5 7 6 5 6 23 14 14 14 14 14 14 14 14 14 14 14 14 16 28 7 6 5 7 6 5 6 5 6 25 19 14 14 14 14 14 14 16 35 35 17 14 14 14 14 14 14 14 14 14 14 14 14 14 14 14 14 14 14 14 14 15 7 26 17 14 14 14 14 14 14 14 14 14 14 14 14 14 14 16 28 6 5 6 5 6 6 5 5 7 6 6 6 7 5 6 6 5 5 6 5 7 7 6
14 14 14 14 14 14 14 14 14 14 14 15 6 25 19 14 14 14 14 14 14 14 14 14 14 14 14 14 14 14 14 14 16 28 5 7 5 7 5 5 7 5 7 7 5 7 5 6 7 6 6 23 14 14 14 14 14 14 14 14 14 14 14 16 28 7 7 7 7 5 5 6 7 5 6 23 14 14 14 14 14 14 16 28 7 6 26 35 17 14 14 14 14 14 14 14 14 14 14 14 14 14 14 14 14 14 14 15 5 6 23 14 14 14 14 14 14 14 14 14 14 14 14 14 16 28 5 7 6 5 6 5 5 6 7 6 7 6 5 5 7 6 5 6 5 5 6 5 6 6
14 14 14 14 14 14 14 14 14 14 14 15 7 23 14 14 14 14 14 14 14 14 14 14 14 14 14 14 14 14 16 35 28 6 6 5 7 6 5 25 21 21 21 21 21 34 6 6 6 7 25 19 14 14 14 14 14 14 14 14 14 16 35 28 7 6 6 6 7 7 5 6 7 5 25 19 14 14 14 14 14 14 15 6 7 5 7 7 26 17 14 14 14 14 14 14 14 14 14 14 14 14 14 14 14 14 16 28 6 5 26 17 14 14 14 14 14 14 14 14 14 14 16 35 28 5 6 6 6 7 5 7 5 25 21 21 21 21 34 5 5 6 5 7 5 7 5 6 6 6
14 14 14 14 14 14 14 14 14 14 14 15 6 23 14 14 14 14 14 14 14 14 14 14 14 14 14 14 14 16 28 6 5 6 5 7 6 5 25 19 14 14 14 14 14 20 21 21 21 21 19 14 14 14 14 14 14 14 14 14 16 28 5 5 7 7 7 5 5 6 6 5 5 5 23 14 14 14 14 14 14 14 15 7 7 5 5 6 7 26 17 14 14 14 14 14 14 14 14 14 14 14 14 14 14 14 15 7 7 7 5 23 14 14 14 14 14 14 14 14 14 14 15 7 5 7 6 7 7 5 7 6 25 19 14 14 14 14 20 21 34 5 7 6 6 6 6 7 7 5
14 14 14 14 14 14 14 14 14 14 14 15 7 26 17 14 14 14 14 14 14 14 14 14 14 14 14 14 16 28 7 7 7 5 5 6 6 25 19 14 14 14 14 14 14 14 14 14 14 14 14 14 14 14 14 14 14 14 16 35 28 7 7 5 6 5 7 6 6 6 7 7 5 25 19 14 14 14 14 14 14 14 15 7 5 7 5 6 6 6 26 17 14 14 14 14 14 14 14 14 14 14 14 14 14 14 15 5 5 7 5 26 17 14 14 14 14 14 14 14 16 35 28 5 7 7 5 7 6 5 7 25 19 14 14 14 14 14 14 14 20 34 5 5 7 5 7 7 6 7
14 14 14 14 14 14 14 14 14 14 14 15 6 6 26 17 14 14 14 14 14 14 14 14 14 14 16 35 28 6 7 5 7 7 5 6 5 23 14 14 14 14 14 14 14 14 14 14 14 14 14 14 14 14 14 16 35 35 28 5 5 5 7 6 5 7 7 7 5 7 7 6 7 23 14 14 14 14 14 14 14 14 15 6 6 5 5 7 6 5 6 26 17 14 14 14 14 14 14 14 14 14 14 14 14 14 20 34 7 7 7 5 23 14 14 14 14 14 14 16 28 7 7 6 5 7 5 5 5 5 5 23 14 14 14 14 14 14 14 14 14 15 6 7 6 7 6 7 7 7
14 14 14 14 14 14 14 14 14 14 16 28 6 7 5 26 17 14 14 14 14 14 14 14 14 16 28 6 6 5 5 5 5 5 6 6 5 23 14 14 14 14 14 14 14 14 14 14 14 14 14 14 14 14 16 28 7 5 6 6 7 7 6 6 6 6 7 5 6 6 7 5 6 23 14 14 14 14 14 14 14 14 15 5 5 6 5 5 5 6 5 6 26 17 14 14 14 14 14 14 14 14 14 14 14 14 14 20 21 21 34 7 26 17 14 14 14 16 35 28 7 6 7 7 7 7 5 5 5 6 25 19 14 14 14 14 14 14 14 14 14 15 6 6 7 5 7 5 6 6
14 14 14 14 14 14 14 14 14 14 15 7 7 7 7 7 26 35 17 14 14 14 14 16 35 28 5 7 7 7 7 6 5 5 6 6 6 23 14 14 14 14 14 14 14 14 14 14 14 14 14 14 14 16 28 5 6 6 6 5 7 5 7 6 5 5 7 6 7 7 5 6 7 23 14 14 14 14 14 14 14 14 15 6 6 7 6 7 6 5 6 7 7 23 14 14 14 14 14 14 14 14 14 14 14 14 14 14 14 14 20 21 21 5 35 35 35 28 5 7 6 6 5 7 6 5 6 7 6 5 23 14 14 14 14 14 14 14 14 14 14 15 6 7 6 5 5 7 7 7
14 14 14 14 14 14 14 14 14 16 28 7 6 5 6 6 6 5 26 35 35 35 35 28 7 7 5 7 5 7 6 6 5 7 7 6 25 19 14 14 14 14 14 14 14 14 14 14 14 14 14 14 14 15 7 6 5 7 5 6 6 5 5 6 5 5 5 5 6 5 6 5 6 23 14 14 14 14 14 14 14 14 20 34 7 6 6 6 7 6 5 5 6 26 17 14 14 14 14 14 14 14 14 14 14 14 14 14 14 14 14 14 14 20 34 7 7 6 7 5 5 5 5 7 7 7 6 5 5 25 19 14 14 14 14 14 14 14 14 14 14 15 6 7 5 7 5 5 7 6
14 14 14 14 14 14 14 14 14 15 6 6 6 6 6 5 6 7 7 5 7 6 6 5 5 6 5 6 6 5 5 6 7 5 5 5 23 14 14 14 14 14 14 14 14 14 14 14 14 14 14 14 14 15 5 7 6 7 7 7 7 5 6 7 5 6 5 5 5 6 5 6 6 23 14 14 14 14 14 14 14 14 14 20 34 6 5 5 7 6 5 7 6 5 23 14 14 14 14 14 14 14 14 14 14 14 14 14 14 14 14 14 14 14 15 6 5 5 7 5 6 6 6 6 7 6 7 7 5 23 14 14 14 14 14 14 14 14 14 14 14 15 7 6 6 7 5 7 6 7
14 14 14 14 14 14 14 14 14 15 6 5 5 6 7 7 6 7 6 6 5 6 5 7 5 7 5 6 6 6 6 6 7 5 7 6 23 14 14 14 14 14 14 14 14 14 14 14 14 14 14 14 16 28 7 5 5 7 6 6 6 6 7 6 7 5 5 6 7 5 5 7 5 23 14 14 14 14 14 14 14 14 14 14 20 34 7 6 5 6 7 7 6 7 23 14 14 14 14 14 14 14 14 14 14 14 14 14 14 14 14 14 14 14 15 6 6 6 6 7 5 7 5 7 7 7 6 5 25 19 14 14 14 14 14 14 14 14 14 14 14 15 6 7 5 5 7 6 6 7
14 14 14 14 14 14 14 14 14 15 6 6 6 7 6 7 6 7 5 7 7 5 7 5 7 7 7 6 6 6 6 5 6 7 7 6 23 14 14 14 14 14 14 14 14 14 14 14 14 14 14 14 15 7 7 5 5 7 5 6 6 6 7 6 6 7 5 6 6 6 5 7 6 23 14 14 14 14 14 14 14 14 14 14 14 20 34 6 7 6 6 7 6 6 26 17 14 14 14 14 14 14 14 14 14 14 14 14 14 14 14 14 14 14 20 34 5 7 5 6 7 7 7 6 7 5 6 25 19 14 14 14 14 14 14 14 14 14 14 14 16 28 6 7 7 5 7 7 5 7
14 14 14 14 14 14 14 14 14 15 6 7 6 7 6 6 5 7 6 6 6 5 6 6 5 7 6 5 7 5 5 5 7 7 5 6 23 14 14 14 14 14 14 14 14 14 14 14 14 14 16 35 28 5 7 5 7 7 6 6 6 5 7 7 6 7 7 6 7 6 7 7 6 23 14 14 14 14 14 14 14 14 14 14 14 14 20 21 34 6 6 5 7 6 6 23 14 14 14 14 14 14 14 14 14 14 14 14 14 14 14 14 14 14 14 15 5 6 5 7 6 6 5 6 7 5 25 19 14 14 14 14 14 14 14 14 14 14 14 16 28 5 5 5 6 5 5 6 6 5
14 14 14 14 14 14 14 14 14 15 5 5 6 5 5 6 6 7 7 7 6 5 5 6 7 5 5 7 5 5 5 5 5 5 7 25 19 14 14 14 14 14 14 14 14 14 14 14 14 16 28 7 7 5 6 6 6 6 5 7 6 6 7 5 6 7 6 5 6 6 5 5 5 23 14 14 14 14 14 14 14 14 14 14 14 14 14 14 20 21 34 6 6 7 5 26 17 14 14 14 14 14 14 14 14 14 14 14 14 14 14 14 14 14 14 15 6 6 6 6 7 7 5 5 7 25 19 14 14 14 14 14 14 14 14 14 14 14 16 28 5 7 6 5 6 7 6 6 7 6
14 14 14 14 14 14 14 14 14 15 7 5 7 7 5 5 6 7 6 5 7 5 7 5 6 6 6 5 5 6 6 7 6 6 7 23 14 14 14 14 14 14 14 14 14 14 14 14 16 28 6 6 6 5 6 5 7 6 5 5 5 6 7 7 7 5 7 6 7 7 7 5 7 26 17 14 14 14 14 14 14 14 14 14 14 14 14 14 14 14 20 21 21 34 7 6 26 35 17 14 14 14 14 14 14 14 14 14 14 14 14 14 14 14 14 15 7 6 5 5 6 5 6 7 25 19 14 14 14 14 14 14 14 14 14 14 14 16 28 6 7 7 6 5 7 6 5 6 5 7
14 14 14 14 14 14 14 14 14 20 34 6 5 5 5 6 7 6 7 6 25 21 21 21 21 21 34 7 7 5 6 6 7 7 5 23 14 14 14 14 14 14 14 14 14 14 14 16 28 6 7 6 6 6 6 6 25 21 21 34 6 5 5 5 6 7 5 7 6 7 7 5 5 6 23 14 14 14 14 14 14 14 14 14 14 14 14 14 14 14 14 14 14 15 7 7 7 7 26 35 17 14 14 14 14 14 14 14 14 14 14 14 14 14 14 15 6 7 5 7 6 6 5 25 19 14 14 14 14 14 14 14 14 14 14 14 14 15 7 7 5 7 7 5 7 7 5 7 5 7
14 14 14 14 14 14 14 14 14 14 20 34 6 6 5 6 6 7 25 21 19 14 14 14 14 14 20 21 34 7 5 7 5 5 25 19 14 14 14 14 14 14 14 14 14 14 16 28 6 6 7 6 5 5 7 6 23 14 14 20 34 7 6 5 5 5 5 5 5 6 7 5 7 5 23 14 14 14 14 14 14 14 14 14 14 14 14 14 14 14 14 14 14 15 7 5 5 7 6 7 26 17 14 14 14 14 14 14 14 14 14 14 14 14 14 15 5 5 6 6 7 6 25 19 14 14 14 14 14 14 14 14 14 14 14 14 14 15 6 5 7 7 5 5 7 6 7 6 5 6
14 14 14 14 14 14 14 14 14 14 14 20 21 34 5 7 6 25 19 14 14 14 14 14 14 14 14 14 20 34 5 5 7 7 23 14 14 14 14 14 14 14 14 14 14 16 28 7 6 7 5 7 7 6 7 5 23 14 14 14 15 7 6 7 7 7 5 6 5 7 5 5 6 5 23 14 14 14 14 14 14 14 14 14 14 14 14 14 14 14 14 14 16 28 5 6 5 5 5 5 5 26 35 17 14 14 14 14 14 14 14 14 14 14 14 15 7 5 6 6 5 25 19 14 14 14 14 14 14 14 14 14 14 14 14 14 14 15 5 6 7 5 6 7 7 5 7 5 25 21
14 14 14 14 14 14 14 14 14 14 14 14 14 20 21 21 21 19 14 14 14 14 14 14 14 14 14 14 14 20 34 5 5 25 19 14 14 14 14 14 14 14 14 14 14 15 5 5 6 6 7 6 7 5 7 6 23 14 14 14 15 7 6 7 7 6 7 6 7 5 5 6 5 6 23 14 14 14 14 14 14 14 14 14 14 14 14 14 14 14 14 16 28 5 5 6 6 7 7 6 6 7 6 26 35 17 14 14 14 14 14 14 14 14 14 15 7 6 7 5 25 19 14 14 14 14 14 14 14 14 14 14 14 14 14 14 14 15 6 6 5 6 5 5 7 5 5 25 19 14
14 14 14 14 14 14 14 14 14 14 14 14 14 14 14 14 14 14 14 14 14 14 14 14 14 14 14 14 14 14 20 21 21 19 14 14 14 14 14 14 14 14 14 14 16 28 5 7 5 5 6 5 7 6 5 25 19 14 14 14 20 34 6 6 7 5 6 5 6 6 7 7 6 5 26 17 14 14 14 14 14 14 14 14 14 14 14 14 14 14 16 28 5 7 6 7 6 6 6 7 5 7 5 6 6 26 35 17 14 14 14 14 14 14 14 15 6 6 25 21 19 14 14 14 14 14 14 14 14 14 14 14 14 14 14 14 14 20 34 5 6 7 5 6 7 5 25 19 14 14
14 14 14 14 14 14 14 14 14 14 14 14 14 14 14 14 14 14 14 14 14 14 14 14 14 14 14 14 14 14 14 14 14 14 14 14 14 14 14 14 14 14 14 14 15 6 6 6 7 7 5 7 7 7 5 23 14 14 14 14 14 20 34 7 7 5 6 6 5 5 7 5 7 6 5 23 14 14 14 14 14 14 14 14 14 14 14 14 14 16 28 5 6 5 6 7 7 5 7 5 5 6 5 7 7 6 5 26 35 35 35 35 35 35 35 7 21 21 19 14 14 14 14 14 14 14 14 14 14 14 14 14 14 14 14 14 14 14 15 6 7 6 7 5 7 25 19 14 14 14
14 14 14 14 14 14 14 14 14 14 14 14 14 14 14 14 14 14 14 14 14 14 14 14 14 14 14 14 14 14 14 14 14 14 14 14 14 14 14 14 14 14 14 16 28 6 7 6 5 7 6 6 5 7 6 23 14 14 14 14 14 14 20 34 7 6 7 6 7 6 7 5 6 6 5 23 14 14 14 14 14 14 14 14 14 14 14 14 16 28 7 7 5 7 6 7 5 7 6 7 5 5 6 6 6 5 7 5 7 7 7 6 6 5 25 19 14 14 14 14 14 14 14 14 14 14 14 14 14 14 14 14 14 14 14 14 14 14 15 6 7 5 5 7 6 23 14 14 14 14
17 14 14 14 14 14 14 14 14 14 14 14 14 14 14 14 14 14 14 14 14 14 14 14 14 14 14 14 14 14 14 14 14 14 14 14 14 14 14 14 14 14 16 28 7 7 6 5 5 6 6 5 6 5 25 19 14 14 14 14 14 14 14 20 21 34 7 7 7 6 7 7 7 6 6 26 17 14 14 14 14 14 14 14 14 14 14 14 15 5 5 7 5 6 7 6 6 5 7 6 7 7 5 6 6 7 7 6 7 5 7 7 5 5 23 14 14 14 14 14 14 14 14 14 14 14 14 14 14 14 14 14 14 14 14 14 14 14 15 5 7 6 5 5 25 19 14 14 14 14
26 17 14 14 14 14 14 14 14 14 14 14 14 14 14 14 14 14 14 14 14 14 14 14 14 14 14 14 14 14 14 14 14 14 14 14 14 14 14 14 14 16 28 5 6 7 5 6 6 5 5 7 7 6 23 14 14 14 14 14 14 14 14 14 14 20 34 5 5 5 7 7 7 6 6 5 26 35 17 14 14 14 14 14 14 14 14 16 28 6 6 7 6 5 7 5 5 5 5 5 6 5 6 6 6 6 6 7 6 6 6 7 7 6 23 14 14 14 14 14 14 14 14 14 14 14 14 14 14 14 14 14 14 14 14 14 14 14 15 7 5 6 5 6 23 14 14 14 14 14
7 26 17 14 14 14 14 14 14 14 14 14 14 14 14 14 14 14 14 14 14 14 14 14 14 14 14 14 14 14 14 14 14 14 14 14 14 14 14 14 16 28 6 7 7 6 6 7 5 7 6 6 6 25 19 14 14 14 14 14 14 14 14 14 14 14 20 21 34 7 7 5 5 7 6 6 6 6 26 35 35 17 14 14 14 14 14 15 7 7 5 7 5 6 6 6 7 6 6 5 6 7 7 5 6 7 7 7 5 5 7 5 6 25 19 14 14 14 14 14 14 14 14 14 14 14 14 14 14 14 14 14 14 14 14 14 14 16 28 5 7 5 7 6 23 14 14 14 14 14
7 6 26 17 14 14 14 14 14 14 14 14 14 14 14 14 14 14 14 14 14 14 14 14 14 14 14 14 14 14 14 14 14 14 14 14 14 14 14 16 28 5 6 7 7 5 6 7 5 5 5 7 5 23 14 14 14 14 14 14 14 14 14 14 14 14 14 14 20 34 5 5 5 6 6 6 6 5 5 7 6 26 35 35 35 35 35 28 6 5 7 5 7 6 5 6 6 5 7 6 7 6 7 7 6 7 7 6 7 5 6 5 5 23 14 14 14 14 14 14 14 14 14 14 14 14 14 14 14 14 14 14 14 14 14 14 14 15 5 7 6 5 6 5 23 14 14 14 14 14
5 5 6 26 17 14 14 14 14 14 14 14 14 14 14 14 14 14 14 14 14 14 14 14 14 14 14 14 14 14 14 14 14 14 14 14 14 14 14 15 7 6 6 6 5 5 6 6 5 6 7 6 25 19 14 14 14 14 14 14 14 14 14 14 14 14 14 14 14 20 21 34 6 7 6 7 6 6 5 7 5 6 7 5 5 7 7 5 6 7 5 6 6 7 5 7 7 5 6 5 6 6 6 6 5 6 6 7 6 5 7 6 5 23 14 14 14 14 14 14 14 14 14 14 14 14 14 14 14 14 14 14 14 14 14 14 14 15 7 7 5 7 7 5 26 17 14 14 14 14
5 5 6 7 23 14 14 14 14 14 14 14 14 14 14 14 14 14 14 14 14 14 14 14 14 14 14 14 14 14 14 14 14 14 14 14 14 14 16 28 5 6 5 7 6 5 7 5 5 6 5 5 23 14 14 14 14 14 14 14 14 14 14 14 14 14 14 14 14 14 14 15 5 5 6 5 5 7 6 7 5 5 7 7 6 7 7 25 21 34 7 6 6 7 6 7 6 5 5 5 6 6 6 6 6 5 5 7 7 7 6 5 6 23 14 14 14 14 14 14 14 14 14 14 14 14 14 14 14 14 14 14 14 14 14 14 16 28 5 6 6 7 7 6 5 23 14 14 14 14
6 6 5 5 26 17 14 14 14 14 14 14 14 14 14 14 14 14 14 14 14 14 14 14 14 14 14 14 14 14 14 14 14 14 14 14 14 14 15 6 6 6 6 5 6 6 7 7 5 6 6 25 19 14 14 14 14 14 14 14 14 14 14 14 14 14 14 14 14 14 14 20 34 5 6 6 7 6 7 6 6 6 6 7 7 5 25 19 14 20 34 6 5 7 5 6 7 5 5 7 6 6 6 5 5 7 7 7 5 6 5 5 25 19 14 14 14 14 14 14 14 14 14 14 14 14 14 14 14 14 14 14 14 14 14 14 15 7 7 6 7 5 7 7 5 26 17 14 14 14
5 7 7 6 5 26 17 14 14 14 14 14 14 14 14 14 14 14 14 14 14 14 14 14 14 14 14 14 14 14 14 14 14 14 14 14 14 14 15 5 7 6 6 6 7 5 5 6 5 6 25 19 14 14 14 14 14 14 14 14 14 14 14 14 14 14 14 14 14 14 14 14 20 34 5 6 7 6 7 6 6 5 7 5 6 6 23 14 14 14 15 7 5 7 6 5 7 7 7 6 6 5 6 6 5 6 7 7 5 7 7 25 19 14 14 14 14 14 14 14 14 14 14 14 14 14 14 14 14 14 14 14 14 14 14 14 15 5 7 7 5 6 7 6 7 7 23 14 14 14
6 5 6 7 7 7 26 17 14 14 14 14 14 14 14 14 14 14 14 14 14 14 14 14 14 14 14 14 14 14 14 14 14 14 14 14 14 16 28 5 5 7 7 7 6 5 5 7 25 21 19 14 14 14 14 14 14 14 14 14 14 14 14 14 14 14 14 14 14 14 14 14 14 20 34 5 7 5 6 5 5 6 6 5 5 25 19 14 14 14 20 34 5 6 7 5 7 6 6 5 5 5 7 7 7 7 7 6 6 7 6 23 14 14 14 14 14 14 14 14 14 14 14 14 14 14 14 14 14 14 14 14 14 14 14 14 15 5 5 6 5 7 7 6 7 6 26 17 14 14
5 5 5 6 7 6 5 26 17 14 14 14 14 14 14 14 14 14 14 14 14 14 14 14 14 14 14 14 14 14 14 14 14 14 14 14 14 15 5 6 7 6 5 5 6 25 21 21 19 14 14 14 14 14 14 14 14 14 14 14 14 14 14 14 14 14 14 14 14 14 14 14 14 14 15 7 7 7 5 7 5 6 7 7 5 23 14 14 14 14 14 15 7 7 6 5 6 6 7 7 5 6 7 7 6 7 6 7 5 25 21 19 14 14 14 14 14 14 14 14 14 14 14 14 14 14 14 14 14 14 14 14 14 14 14 14 15 7 6 7 5 5 5 7 6 7 7 26 17 14
5 7 5 5 6 7 6 7 26 35 17 14 14 14 14 14 14 14 14 14 14 14 14 14 14 14 14 14 14 14 14 14 14 14 14 14 14 15 6 6 7 6 6 5 25 19 14 14 14 14 14 14 14 14 14 14 14 14 14 14 14 14 14 14 14 14 14 14 14 14 14 14 14 14 20 34 6 7 6 7 6 5 7 6 7 23 14 14 14 14 14 15 7 7 7 5 7 7 7 5 6 7 7 6 7 6 6 25 21 19 14 14 14 14 14 14 14 14 14 14 14 14 14 14 14 14 14 14 14 14 14 14 14 14 14 14 20 34 5 7 6 6 6 6 5 7 7 6 26 17
5 5 6 5 7 7 5 5 5 6 26 35 17 14 14 14 14 14 14 14 14 14 14 14 16 35 35 17 14 14 14 14 14 14 14 14 16 28 7 6 7 5 6 25 19 14 14 14 14 14 14 14 14 16 35 35 35 35 17 14 14 14 14 14 14 14 14 14 14 14 14 14 14 14 14 20 34 7 6 7 7 6 6 7 6 23 14 14 14 14 14 15 6 7 7 7 7 7 6 7 5 6 7 5 25 21 21 19 14 14 14 14 14 14 14 14 14 14 14 14 14 14 14 14 14 14 14 14 14 14 14 14 14 14 14 14 14 15 6 5 5 7 7 5 7 5 7 7 6 26
21 34 5 7 5 6 5 5 7 6 5 6 26 35 17 14 14 14 14 14 14 16 35 35 28 5 5 26 35 17 14 14 14 14 14 16 28 5 7 7 6 6 25 19 14 14 14 14 14 14 14 14 14 15 7 5 6 7 26 35 17 14 14 14 14 14 14 14 14 14 14 14 14 14 14 14 20 34 7 6 5 5 7 7 25 19 14 14 14 14 14 15 7 7 5 7 7 5 5 5 7 6 25 21 19 14 14 14 14 14 14 14 14 14 14 14 14 14 14 14 16 35 35 35 35 17 14 14 14 14 14 14 14 14 14 14 14 20 34 5 7 6 7 7 6 7 7 5 7 6
14 20 34 6 7 5 7 7 5 7 5 7 5 7 26 35 35 35 35 35 35 28 5 5 5 5 5 5 6 26 35 35 35 35 35 28 5 5 7 5 6 25 19 14 14 14 14 14 14 14 14 14 16 28 6 7 5 7 5 5 26 17 14 14 14 14 14 14 14 14 14 14 14 14 14 14 14 20 34 6 5 7 6 6 23 14 14 14 14 14 14 15 6 5 5 7 7 5 6 6 7 25 19 14 14 14 14 14 14 14 14 14 14 14 14 14 14 14 16 35 28 7 7 6 6 26 17 14 14 14 14 14 14 14 14 14 14 14 20 34 7 5 7 5 6 7 7 7 7 5
14 14 20 34 6 7 6 5 7 7 6 6 5 7 7 6 7 5 5 7 7 5 6 5 6 5 5 6 7 7 7 5 7 6 5 5 6 5 7 25 21 19 14 14 14 14 14 14 14 14 14 14 15 6 6 5 5 5 6 6 5 26 17 14 14 14 14 14 14 14 14 14 14 14 14 14 14 14 20 34 6 6 5 25 19 14 14 14 14 14 14 15 5 6 5 5 5 5 6 7 25 19 14 14 14 14 14 14 14 14 14 14 14 14 14 14 14 16 28 6 7 5 6 6 7 5 26 17 14 14 14 14 14 14 14 14 14 14 14 20 34 5 6 5 6 7 6 6 5 7
14 14 14 20 34 5 6 7 5 7 7 6 7 7 7 7 6 5 5 5 6 6 6 7 5 5 5 5 5 7 7 5 7 7 7 5 6 6 25 19 14 14 14 14 14 14 14 14 14 14 14 14 15 5 7 6 5 5 6 6 7 7 26 17 14 14 14 14 14 14 14 14 14 14 14 14 14 14 14 20 21 21 21 19 14 14 14 14 14 14 14 20 34 7 6 7 6 5 6 25 19 14 14 14 14 14 14 14 14 14 14 14 14 14 14 14 16 28 7 6 6 5 6 6 6 5 6 26 17 14 14 14 14 14 14 14 14 14 14 14 20 21 34 5 7 5 6 5 7 7
14 14 14 14 15 6 6 7 5 7 6 7 5 5 5 6 6 5 7 5 5 5 6 5 7 5 5 6 6 5 6 5 6 6 7 5 25 21 19 14 14 14 14 14 14 14 14 14 14 14 14 14 15 6 5 6 5 6 7 7 5 6 5 26 17 14 14 14 14 14 14 14 14 14 14 14 14 14 14 14 14 14 14 14 14 14 14 14 14 14 14 14 15 7 7 7 7 6 25 19 14 14 14 14 14 14 14 14 14 14 14 14 14 14 14 14 15 5 5 5 7 5 7 6 5 5 5 5 23 14 14 14 14 14 14 14 14 14 14 14 14 14 20 21 34 5 7 5 5 7
14 14 14 14 20 34 7 7 5 7 5 6 6 6 5 6 5 5 5 5 6 7 5 7 7 5 7 6 7 7 5 6 6 6 6 25 19 14 14 14 14 14 14 14 14 14 14 14 14 14 14 14 15 7 7 6 6 7 5 5 7 5 6 7 26 17 14 14 14 14 14 14 14 14 14 14 14 14 14 14 14 14 14 14 14 14 14 14 14 14 14 14 20 34 5 6 6 25 19 14 14 14 14 14 14 14 14 14 14 14 14 14 14 14 14 16 28 6 7 6 7 5 5 7 7 6 5 5 23 14 14 14 14 14 14 14 14 14 14 14 14 14 14 14 20 21 34 5 5 7
14 14 14 14 14 20 34 6 5 6 6 5 6 6 5 7 7 5 6 7 7 7 7 5 5 6 6 5 7 6 5 7 5 5 25 19 14 14 14 14 14 14 14 14 14 14 14 14 14 14 14 14 15 6 6 7 7 7 7 6 6 6 7 5 6 26 17 14 14 14 14 14 14 14 14 14 14 14 14 14 14 14 14 14 14 14 14 14 14 14 14 14 14 20 21 34 6 23 14 14 14 14 14 14 14 14 14 14 14 14 14 14 14 14 14 15 7 6 7 6 5 7 7 5 6 6 6 7 23 14 14 14 14 14 14 14 14 14 14 14 14 14 14 14 14 14 20 34 5 7
14 14 14 14 14 14 20 34 6 6 7 5 6 6 6 7 6 5 7 6 6 7 5 6 5 6 6 7 5 7 7 7 5 25 19 14 14 14 14 14 14 14 14 14 14 14 14 14 14 14 14 14 20 34 7 6 6 5 6 5 5 6 5 7 6 7 23 14 14 14 14 14 14 14 14 14 14 14 14 14 14 14 14 14 14 14 14 14 14 14 14 14 14 14 14 20 21 19 14 14 14 14 14 14 14 14 14 14 14 14 14 14 14 14 14 15 6 5 5 7 5 5 6 6 6 6 7 7 26 17 14 14 14 14 14 14 14 14 14 14 14 14 14 14 14 14 14 20 34 5
14 14 14 14 14 14 14 20 34 5 5 6 6 6 6 7 5 7 7 7 7 6 6 25 21 21 21 21 21 21 21 21 21 19 14 14 14 14 14 14 14 14 14 14 14 14 14 14 14 14 14 14 14 15 7 6 7 5 5 7 5 5 5 7 6 6 26 17 14 14 14 14 14 14 14 14 14 14 14 14 14 14 14 14 14 14 14 14 14 14 14 14 14 14 14 14 14 14 14 14 14 14 14 14 14 14 14 14 14 14 14 14 14 14 14 15 5 5 5 5 7 6 6 6 5 6 6 5 5 23 14 14 14 14 14 14 14 14 14 14 14 14 14 14 14 14 14 14 20 34
14 14 14 14 14 14 14 14 20 21 34 7 7 6 7 6 6 7 7 5 5 25 21 19 14 14 14 14 14 14 14 14 14 14 14 14 14 14 14 14 14 14 14 14 14 14 14 14 14 14 14 14 14 20 34 7 6 7 6 7 7 5 5 5 6 6 7 23 14 14 14 14 14 14 14 14 14 14 14 14 14 14 14 14 14 14 14 14 14 14 14 14 14 14 14 14 14 14 14 14 14 14 14 14 14 14 14 14 14 14 14 14 14 14 14 15 7 6 7 7 6 6 7 5 6 5 7 7 7 23 14 14 14 14 14 14 14 14 14 14 14 14 14 14 14 14 14 14 14 20
14 14 14 14 14 14 14 14 14 14 20 21 34 7 7 7 6 6 5 7 25 19 14 14 14 14 14 14 14 14 14 14 14 14 14 14 14 14 14 14 14 14 14 14 14 14 14 14 14 14 14 14 14 14 20 34 6 6 5 6 6 7 6 7 5 6 7 26 17 14 14 14 14 14 14 14 14 14 14 14 14 14 14 14 14 14 14 14 14 14 14 14 14 14 14 14 16 35 35 17 14 14 14 14 14 14 14 14 14 14 14 14 14 14 16 28 7 7 6 5 6 5 7 5 6 7 6 5 6 26 17 14 14 14 14 14 14 14 14 14 14 14 14 14 14 14 14 14 14 14
14 14 14 14 14 14 14 14 14 14 14 14 20 34 5 7 6 6 6 5 23 14 14 14 14 14 14 14 14 14 14 14 14 14 14 14 14 14 14 14 14 14 14 14 14 14 14 14 14 14 14 14 14 14 14 20 34 6 6 5 7 5 5 5 6 7 7 5 23 14 14 14 14 14 14 14 14 14 14 14 14 14 14 14 14 14 14 14 14 14 14 14 14 14 14 14 15 5 5 26 35 17 14 14 14 14 14 14 14 14 14 14 14 14 15 7 6 7 7 6 5 7 5 5 6 6 7 6 5 5 26 17 14 14 14 14 14 14 14 14 14 14 14 14 14 14 14 14 14 14
14 14 14 14 14 14 14 14 14 14 14 14 14 20 34 5 7 7 6 5 23 14 14 14 14 14 14 14 14 14 14 14 14 14 14 14 14 14 14 14 14 14 14 14 14 14 14 14 14 14 14 14 14 14 14 14 20 34 5 7 6 7 6 6 7 6 5 6 26 17 14 14 14 14 14 14 14 14 14 14 14 16 35 35 35 35 17 14 14 14 14 14 14 14 14 16 28 5 7 7 5 26 17 14 14 14 14 14 14 14 14 14 14 14 20 34 5 5 6 5 5 7 5 7 7 7 5 6 6 6 7 26 35 17 14 14 14 14 14 14 14 14 14 14 14 14 14 14 14 14
14 14 14 14 14 14 14 14 14 14 14 14 14 14 15 6 5 6 6 5 23 14 14 14 14 14 14 14 14 14 14 14 14 14 14 16 35 17 14 14 14 14 14 14 14 14 14 14 14 14 14 14 14 14 14 14 14 20 21 34 5 6 7 7 5 7 5 5 5 23 14 14 14 14 14 14 14 14 14 16 35 28 6 6 5 7 26 17 14 14 14 14 14 14 14 15 5 6 5 7 7 7 26 35 17 14 14 14 14 14 14 14 14 14 14 15 5 5 5 7 7 5 25 21 21 21 21 34 6 6 7 7 7 26 17 14 14 14 14 14 14 14 14 14 14 14 14 14 14 14
14 14 14 14 14 14 14 14 14 14 14 14 14 14 15 6 6 5 5 7 23 14 14 14 14 14 14 14 14 14 14 14 16 35 35 28 7 26 35 35 17 14 14 14 14 14 14 14 14 14 14 14 14 14 14 14 14 14 14 20 34 7 7 7 7 5 7 5 7 26 17 14 14 14 14 14 14 16 35 28 7 6 6 5 7 6 5 26 17 14 14 14 14 14 16 28 7 7 7 7 6 6 5 5 26 17 14 14 14 14 14 14 14 14 14 15 6 6 7 7 5 25 19 14 14 14 14 15 7 6 6 5 5 7 26 17 14 14 14 14 14 14 14 14 14 14 14 14 14 14
14 14 14 14 14 14 14 14 14 14 14 14 14 14 15 5 7 5 6 6 26 35 17 14 14 14 14 14 14 16 35 35 28 5 7 6 5 7 5 7 26 35 35 35 17 14 14 14 14 14 14 14 14 14 14 14 14 14 14 14 20 34 7 7 6 6 7 5 5 5 26 17 14 14 14 14 16 28 7 6 7 5 7 5 5 6 5 5 26 35 17 14 14 16 28 6 7 6 7 7 7 5 6 5 7 23 14 14 14 14 14 14 14 14 14 15 7 6 5 6 25 19 14 14 14 14 14 20 34 5 5 6 6 5 5 26 17 14 14 14 14 14 14 14 14 14 14 14 14 14
14 14 14 14 14 14 14 14 14 14 14 14 14 16 28 7 6 7 7 6 6 6 26 35 35 35 35 35 35 28 7 6 5 5 5 7 6 5 5 5 7 6 6 7 26 35 17 14 14 14 14 14 14 14 14 14 14 14 14 14 14 20 21 34 7 7 7 6 5 6 6 26 35 35 35 35 28 5 5 7 6 6 7 7 7 5 7 5 5 6 26 35 35 28 5 5 5 6 5 6 6 5 7 5 7 26 17 14 14 14 14 14 14 14 14 20 34 7 7 25 19 14 14 14 14 14 14 14 15 5 6 7 5 5 6 5 26 17 14 14 14 14 14 14 14 14 14 14 14 14
17 14 14 14 14 14 14 14 14 14 14 14 14 15 6 6 5 7 6 6 7 6 5 7 7 5 6 6 6 5 7 5 7 7 7 7 7 6 7 7 7 7 6 7 7 7 26 17 14 14 14 14 14 14 14 14 14 14 14 14 14 14 14 20 34 7 5 5 7 6 7 6 5 7 6 5 5 6 5 6 5 5 5 5 7 6 7 6 5 6 7 7 7 5 7 7 7 6 5 5 7 7 7 5 5 6 26 17 14 14 14 14 14 14 14 14 15 5 25 19 14 14 14 14 14 14 14 14 15 5 7 7 5 5 6 7 5 26 17 14 14 14 14 14 14 14 14 14 14 14
26 17 14 14 14 14 14 14 14 14 14 14 16 28 5 5 6 6 5 7 7 5 5 6 5 6 7 7 7 6 5 5 7 6 5 5 7 5 7 7 5 6 5 7 6 7 6 26 17 14 14 14 14 14 14 14 14 14 14 14 14 14 14 14 20 34 7 7 6 7 6 5 5 5 7 6 6 5 5 7 5 6 5 6 5 7 5 7 6 5 5 5 5 7 6 7 5 7 7 7 6 5 5 6 5 7 7 26 17 14 14 14 14 14 14 16 28 7 23 14 14 14 14 14 14 14 14 14 15 6 7 6 5 6 6 6 5 5 23 14 14 14 14 14 14 14 14 14 14 14
7 26 17 14 14 14 14 14 14 14 14 16 28 5 6 6 7 6 7 5 5 7 5 7 6 5 7 6 7 7 7 6 6 5 6 6 6 5 5 5 5 7 6 6 5 5 5 5 23 14 14 14 14 14 14 14 14 14 14 14 14 14 14 14 14 20 34 6 5 7 6 7 6 7 6 6 5 5 6 5 6 5 6 5 5 7 7 7 6 7 5 7 6 5 6 6 7 6 5 6 6 7 5 6 7 7 7 7 26 35 35 35 35 35 35 28 7 6 26 17 14 14 14 14 14 14 14 14 15 5 6 5 7 6 5 5 6 7 26 17 14 14 14 14 14 14 14 14 14 16
7 7 23 14 14 14 14 14 14 14 16 28 7 7 7 6 7 7 7 7 7 7 6 5 5 5 6 5 5 6 5 7 7 7 7 5 5 6 6 5 7 7 6 5 6 7 6 6 26 17 14 14 14 14 14 14 14 14 14 14 14 14 14 14 14 14 15 5 7 5 5 5 7 7 5 5 6 6 6 5 5 6 5 7 7 6 5 5 5 7 5 6 6 7 6 5 6 6 5 6 5 5 5 6 5 6 5 5 7 5 5 7 5 7 7 5 7 6 5 23 14 14 14 14 14 14 14 14 15 7 6 7 7 6 6 7 7 5 6 23 14 14 14 14 14 14 14 14 16 28
7 7 26 17 14 14 14 14 14 16 28 5 6 7 7 5 7 6 6 6 7 7 5 5 7 6 5 5 5 6 7 7 6 6 5 7 6 5 5 5 6 6 6 7 7 6 6 7 5 23 14 14 14 14 14 14 14 14 14 14 14 14 14 14 14 14 15 7 7 6 5 6 6 6 5 6 6 6 6 6 6 5 6 7 7 5 7 7 5 5 7 5 5 6 7 5 6 6 6 7 6 5 5 5 5 7 5 5 7 7 5 5 7 5 5 5 7 5 6 26 17 14 14 14 14 14 14 14 15 5 5 6 6 7 5 6 5 5 7 23 14 14 14 14 14 14 14 14 15 7
6 6 6 23 14 14 14 14 14 15 5 5 7 7 6 6 7 5 5 6 6 5 7 5 6 25 21 21 34 7 6 7 6 6 6 5 6 7 5 6 7 6 6 7 6 5 7 6 5 26 17 14 14 14 14 14 14 14 14 14 14 14 14 14 14 14 15 6 7 5 7 5 5 5 5 7 5 7 6 5 5 6 5 7 6 6 5 6 7 7 5 7 5 5 5 6 6 6 6 6 6 5 6 7 5 6 7 7 6 7 6 6 6 5 7 6 7 6 7 6 26 17 14 14 14 14 14 14 15 7 5 6 6 6 7 5 6 6 7 23 14 14 14 14 14 14 14 16 28 5
6 6 25 19 14 14 14 14 14 20 34 6 6 5 6 5 7 5 5 6 5 7 7 5 25 19 14 14 20 21 34 7 5 7 6 6 6 5 5 6 5 7 5 6 5 6 5 6 7 7 23 14 14 14 14 14 14 14 14 14 14 14 14 14 14 14 15 5 5 7 5 6 5 5 5 5 5 7 6 5 7 5 7 6 5 6 7 7 7 7 7 5 7 5 7 6 5 5 7 7 6 7 7 7 6 5 7 7 7 5 5 7 5 6 7 5 5 6 7 7 6 26 17 14 14 14 14 14 20 34 5 5 7 6 5 5 7 6 25 19 14 14 14 14 14 14 14 15 5 5
6 25 19 14 14 14 14 14 14 14 15 6 7 5 5 7 6 6 7 7 6 6 5 25 19 14 14 14 14 14 20 34 5 7 5 7 6 5 7 5 5 6 6 6 5 7 6 7 7 5 23 14 14 14 14 14 14 14 14 14 14 14 14 14 14 14 15 5 7 5 5 5 7 5 7 5 5 6 6 7 5 5 7 6 7 6 7 25 21 34 7 5 5 6 6 7 5 7 5 7 7 6 7 6 6 7 5 5 7 5 6 7 5 5 7 5 7 7 7 7 5 6 26 17 14 14 14 14 14 20 21 34 5 5 7 5 5 25 19 14 14 14 14 14 14 14 14 15 7 7
6 23 14 14 14 14 14 14 14 14 20 34 6 6 7 7 6 6 6 6 6 5 6 23 14 14 14 14 14 14 14 20 34 6 7 6 6 5 5 5 7 7 7 7 6 7 6 7 7 7 26 17 14 14 14 14 14 14 14 14 14 14 14 14 14 16 28 7 6 7 7 5 6 7 5 5 5 5 5 5 7 6 7 7 6 7 25 19 14 20 34 6 5 6 7 6 7 25 21 21 21 21 21 21 21 34 7 6 5 5 7 7 7 7 7 5 6 6 7 5 5 6 5 26 17 14 14 14 14 14 14 20 21 34 7 5 25 19 14 14 14 14 14 14 14 14 14 20 34 6
25 19 14 14 14 14 14 14 14 14 14 20 34 7 7 5 5 7 7 7 5 5 6 23 14 14 14 14 14 14 14 14 20 21 21 21 21 21 21 21 34 5 6 6 6 7 7 5 6 6 5 23 14 14 14 14 14 14 14 14 14 14 14 14 16 28 5 7 6 5 6 5 7 5 5 7 5 6 7 6 6 7 6 6 6 25 19 14 14 14 20 34 7 7 5 6 25 19 14 14 14 14 14 14 14 20 34 7 5 5 6 7 5 6 5 5 7 6 5 7 7 5 7 25 19 14 14 14 14 14 14 14 14 20 21 21 19 14 14 14 14 14 14 14 14 14 14 14 15 6
23 14 14 14 14 14 14 14 14 14 14 14 15 7 7 6 6 6 5 5 5 7 7 23 14 14 14 14 14 14 14 14 14 14 14 14 14 14 14 14 20 21 34 6 7 7 6 7 7 5 5 23 14 14 14 14 14 14 14 14 14 14 14 16 28 5 6 5 6 6 7 6 5 6 6 5 6 6 5 6 5 7 6 7 25 19 14 14 14 14 14 15 7 5 6 25 19 14 14 14 14 14 14 14 14 14 15 6 7 5 5 7 5 5 7 6 7 7 6 7 7 5 6 23 14 14 14 14 14 14 14 14 14 14 14 14 14 14 14 14 14 14 14 14 14 14 14 14 20 34
19 14 14 14 14 14 14 14 14 14 14 14 20 34 5 5 6 5 5 6 7 5 6 23 14 14 14 14 14 14 14 14 14 14 14 14 14 14 14 14 14 14 20 34 6 6 7 7 7 6 6 23 14 14 14 14 14 14 14 14 14 14 16 28 6 7 7 5 6 5 5 7 7 6 6 7 6 7 7 6 5 7 7 25 19 14 14 14 14 14 14 15 6 7 5 23 14 14 14 14 14 14 14 14 14 14 15 6 7 5 5 5 7 5 5 5 5 5 6 5 7 7 25 19 14 14 14 14 14 14 14 14 14 14 14 14 14 14 14 14 14 14 14 14 14 14 14 14 14 20
14 14 14 14 14 14 14 14 14 14 14 14 14 20 34 6 7 6 7 5 5 5 6 23 14 14 14 14 14 14 14 16 35 17 14 14 14 14 14 14 14 14 14 20 34 6 7 5 7 6 6 23 14 14 14 14 14 14 14 14 14 16 28 6 5 7 7 6 6 6 5 6 7 7 6 7 7 5 5 7 6 5 25 19 14 14 14 14 14 14 14 15 6 5 5 23 14 14 14 14 14 14 14 14 14 14 15 5 5 7 7 6 7 7 6 6 7 7 7 7 5 25 19 14 14 14 14 14 14 14 14 14 14 14 14 14 14 14 14 14 14 14 14 14 14 14 14 14 14 14
14 14 14 14 14 14 14 14 14 14 14 14 14 14 15 6 5 6 6 5 5 5 6 23 14 14 14 14 14 14 16 28 7 26 17 14 14 14 14 14 14 14 14 14 20 34 7 6 5 6 5 23 14 14 14 14 14 14 14 14 16 28 7 5 6 7 7 6 6 5 25 21 21 21 21 21 21 21 21 21 21 21 19 14 14 14 14 14 14 14 14 15 7 5 7 23 14 14 14 14 14 14 14 14 14 14 15 6 5 5 7 6 7 5 5 5 5 5 6 7 25 19 14 14 14 14 14 14 14 14 14 14 14 14 14 14 14 14 14 14 14 14 14 14 14 14 14 14 14 14
17 14 14 14 14 14 14 14 14 14 14 14 14 14 20 34 6 7 5 5 5 7 7 26 17 14 14 14 14 16 28 5 5 5 23 14 14 14 14 14 14 14 14 14 14 20 21 34 6 7 25 19 14 14 14 14 14 14 14 14 15 7 6 5 7 6 6 7 7 25 19 14 14 14 14 14 14 14 14 14 14 14 14 14 14 14 14 14 14 14 14 15 6 6 6 26 17 14 14 14 14 14 14 14 14 14 15 7 5 7 5 7 5 7 6 6 5 5 7 25 19 14 14 14 14 14 14 14 14 14 14 14 14 14 16 35 35 17 14 14 14 14 14 14 14 14 14 14 14 14
23 14 14 14 14 14 14 14 14 14 14 14 14 14 14 15 5 7 5 6 7 7 7 7 26 35 35 35 35 28 6 6 6 7 23 14 14 14 14 14 14 14 14 14 14 14 14 20 21 21 19 14 14 14 14 14 14 14 14 16 28 6 6 5 6 6 7 5 25 19 14 14 14 14 14 14 14 14 14 14 14 14 14 14 14 14 14 14 14 14 14 15 7 6 7 25 19 14 14 14 14 14 14 14 14 14 15 7 7 5 7 6 5 6 5 5 5 5 25 19 14 14 14 14 14 14 14 14 14 14 14 14 14 16 28 6 7 26 17 14 14 14 14 14 14 14 14 14 14 14
26 17 14 14 14 14 14 14 14 14 14 14 14 14 14 20 34 7 5 6 6 5 6 7 6 6 5 7 7 5 5 6 5 5 26 17 14 14 14 14 14 14 14 14 14 14 14 14 14 14 14 14 14 14 14 14 14 14 14 15 6 5 6 7 7 7 7 7 23 14 14 14 14 14 14 14 14 14 14 14 14 14 14 14 14 14 14 14 14 14 14 20 21 21 21 19 14 14 14 14 14 14 14 14 14 14 20 34 6 5 5 6 7 5 5 7 5 25 19 14 14 14 14 14 14 14 14 14 14 14 14 14 14 15 6 5 5 6 26 17 14 14 14 14 14 14 14 14 14 14
6 26 17 14 14 14 14 14 14 14 14 14 14 14 14 14 15 6 5 5 6 5 6 6 6 7 6 7 5 7 5 5 6 7 6 23 14 14 14 14 14 14 14 14 14 14 14 14 14 14 14 14 14 14 14 14 14 14 14 15 6 5 7 7 7 5 5 25 19 14 14 14 14 14 14 14 14 14 14 14 14 14 14 14 14 14 14 14 14 14 14 14 14 14 14 14 14 14 14 14 14 14 14 14 14 14 14 20 34 7 7 5 5 7 7 7 25 19 14 14 14 14 14 14 14 14 14 14 14 14 14 14 14 15 7 7 6 5 25 19 14 14 14 14 14 14 14 14 14 14
7 6 26 17 14 14 14 14 14 14 14 14 14 14 14 14 15 6 7 7 5 7 6 6 6 7 6 5 6 7 7 6 7 7 25 19 14 14 14 14 14 14 14 14 14 14 14 14 14 14 14 14 14 14 14 14 14 14 14 20 34 7 6 5 6 7 5 23 14 14 14 14 14 14 14 14 14 14 14 14 14 14 14 14 14 14 14 14 14 14 14 14 14 14 14 14 14 14 14 14 14 14 14 14 14 14 14 14 20 21 34 6 7 6 5 25 19 14 14 14 14 14 14 14 14 14 14 14 14 14 14 14 14 20 34 5 7 25 19 14 14 14 14 14 14 14 14 14 14 14
6 7 6 26 17 14 14 14 14 14 14 14 14 14 14 14 15 6 6 6 7 6 6 5 6 7 6 6 6 7 7 5 5 7 23 14 14 14 14 14 14 14 14 14 14 14 14 14 14 14 14 14 14 14 14 14 14 14 14 14 20 34 6 7 5 5 25 19 14 14 14 14 14 14 14 14 14 14 14 14 14 14 14 14 14 14 14 14 14 14 14 14 14 14 14 14 14 14 14 14 14 14 14 14 14 14 14 14 14 14 20 21 21 21 21 19 14 14 14 14 14 14 14 14 14 14 14 14 14 14 14 14 14 14 15 25 21 19 14 14 14 14 14 14 14 14 14 14 14 14
5 7 6 6 26 35 17 14 14 14 14 14 14 14 14 16 28 6 5 5 5 7 7 6 5 7 7 6 7 6 7 7 6 6 23 14 14 14 14 14 14 14 14 14 14 14 14 14 14 14 14 14 14 14 14 14 14 14 14 14 14 20 21 21 21 21 19 14 14 14 14 14 14 14 14 14 14 14 16 35 35 35 35 17 14 14 14 14 14 14 14 14 14 14 14 14 14 14 14 14 14 14 14 14 14 14 14 14 14 14 14 14 14 14 14 14 14 14 14 14 14 14 14 14 14 14 14 14 14 14 14 14 14 14 20 19 14 14 14 14 14 14 14 14 14 14 14 14 14 14
6 7 5 5 6 5 26 35 35 35 17 14 14 16 35 28 5 6 25 21 21 21 21 21 34 5 5 6 7 7 5 7 7 6 23 14 14 14 14 14 14 14 14 14 14 14 14 14 14 14 14 14 14 14 14 14 14 14 14 14 14 14 14 14 14 14 14 14 14 14 14 14 14 14 14 14 14 16 28 5 7 7 6 26 17 14 14 14 14 14 14 14 14 14 14 14 14 14 14 14 14 14 14 14 14 14 14 14 14 14 14 14 14 14 14 14 14 14 14 14 14 14 14 14 14 14 14 14 14 14 14 14 14 14 14 14 14 14 14 14 14 14 14 14 14 14 14 14 14 14
7 5 6 6 5 6 6 7 6 5 26 35 35 28 6 6 6 25 19 14 14 14 14 14 20 21 34 7 7 6 7 6 5 5 23 14 14 14 14 14 14 14 14 14 14 14 14 14 14 14 14 14 14 14 14 14 14 14 14 14 14 14 14 14 14 14 14 14 14 14 14 14 14 14 14 16 35 28 5 5 7 6 6 6 26 17 14 14 14 14 14 14 14 14 14 14 14 14 14 14 14 14 14 14 14 14 14 14 14 14 14 14 14 14 14 14 14 14 14 14 14 14 14 14 14 14 14 14 14 14 14 14 14 14 14 14 14 14 14 14 14 14 14 14 14 14 14 14 14 14
6 7 5 7 5 5 6 7 7 5 6 6 5 5 5 6 25 19 14 14 14 14 14 14 14 14 20 34 7 7 7 6 7 7 23 14 14 14 14 14 14 14 14 14 14 14 14 14 14 14 14 14 14 14 14 14 14 14 14 14 14 14 14 14 14 14 14 14 14 14 14 14 14 14 16 28 6 6 5 6 7 5 7 7 5 23 14 14 14 14 14 14 14 14 14 14 14 14 14 14 14 14 14 14 14 14 14 14 14 14 14 14 14 14 14 14 14 14 14 14 14 14 14 14 14 14 14 14 14 14 14 14 14 14 14 14 14 14 14 14 14 14 14 14 14 14 14 14 14 14
6 5 7 5 5 6 5 5 7 5 6 7 7 7 6 6 23 14 14 14 14 14 14 14 14 14 14 20 34 6 5 5 5 6 23 14 14 14 14 14 14 14 14 14 14 14 14 14 14 14 14 14 14 14 14 14 14 14 14 14 14 14 14 14 14 14 14 14 14 14 14 14 14 14 15 7 5 5 5 6 5 7 5 5 7 26 17 14 14 14 14 14 14 14 14 14 14 14 14 14 14 14 14 14 14 14 14 14 14 14 14 14 14 14 14 14 14 14 14 14 14 14 14 14 14 14 14 14 14 16 35 17 14 14 14 14 14 14 14 14 14 14 14 14 14 14 14 14 14 14
6 6 5 7 6 6 5 5 6 6 7 6 7 7 5 25 19 14 14 14 14 14 14 14 14 14 14 14 15 7 6 7 7 6 23 14 14 14 14 14 14 14 14 14 14 14 14 14 14 14 14 14 14 14 14 14 14 14 14 14 14 14 14 14 14 14 14 14 14 14 14 14 14 14 15 5 7 6 5 5 7 7 6 5 6 6 26 17 14 14 14 14 14 14 14 14 14 14 14 14 14 14 14 14 14 14 14 14 14 14 14 14 14 14 14 14 14 14 14 14 14 14 14 14 14 14 16 35 35 28 5 26 17 14 14 14 14 14 14 14 14 14 14 14 14 14 14 14 14 14
5 5 5 5 5 7 7 6 5 5 5 6 7 6 5 23 14 14 14 14 14 14 14 14 14 14 14 14 20 34 7 5 6 6 23 14 14 14 14 14 14 14 14 14 14 14 14 14 14 14 14 14 14 14 14 14 14 14 14 14 14 14 14 14 14 14 14 14 14 14 14 14 14 14 15 6 5 6 7 7 6 7 6 5 6 5 6 23 14 14 14 14 14 14 14 14 14 14 14 14 14 14 14 14 14 14 14 14 14 14 14 14 14 14 14 14 14 14 14 14 14 14 14 14 16 35 28 7 5 5 6 5 26 17 14 14 14 14 14 14 14 14 14 14 14 14 14 14 14 14
5 6 6 5 7 7 7 5 6 6 7 6 5 5 25 19 14 14 14 14 14 14 14 14 14 14 14 14 14 15 5 7 5 7 23 14 14 14 14 14 14 14 14 14 14 14 14 16 35 35 35 17 14 14 14 14 14 14 14 14 14 14 14 14 14 14 14 14 14 14 14 14 14 14 20 34 5 6 5 5 6 7 6 6 7 5 5 26 17 14 14 14 14 14 14 14 14 14 14 14 14 14 14 14 14 14 14 14 14 14 14 14 14 14 14 14 14 14 14 14 14 14 16 35 28 7 5 7 6 7 5 7 7 26 17 14 14 14 14 14 14 14 14 14 14 14 16 35 35 17
5 5 5 5 6 7 5 6 7 5 7 7 5 25 19 14 14 14 14 14 14 14 14 14 14 14 14 14 14 15 7 6 7 6 26 17 14 14 14 14 14 14 14 14 14 14 16 28 7 6 7 26 35 17 14 14 14 14 14 14 14 14 14 14 14 14 14 14 14 14 14 14 14 14 14 20 34 5 5 5 5 7 5 5 6 6 5 5 26 17 14 14 14 14 14 14 14 14 14 14 14 14 14 14 14 14 14 14 14 14 14 14 14 14 14 14 14 14 14 14 14 14 15 6 5 7 6 5 6 5 6 6 6 7 26 17 14 14 14 14 14 14 14 14 16 35 28 5 7 26
34 7 5 5 5 6 7 7 5 6 7 5 25 19 14 14 14 14 14 14 14 14 14 14 14 14 14 14 14 15 7 5 7 7 7 23 14 14 14 14 14 14 14 14 16 35 28 5 5 6 6 7 5 26 35 35 17 14 14 16 35 35 17 14 14 14 14 14 14 14 14 14 14 14 14 14 20 34 6 5 7 6 5 5 7 5 5 6 6 26 17 14 14 14 14 14 14 14 14 14 16 35 35 35 35 35 17 14 14 14 14 14 14 14 14 14 14 14 14 14 14 14 15 6 5 6 6 6 5 6 6 5 5 6 6 26 17 14 14 14 14 14 14 16 28 5 7 7 5 5
20 21 34 5 6 7 7 7 7 6 6 25 19 14 14 14 14 14 14 14 14 14 14 14 14 14 14 14 14 20 34 5 5 7 6 26 17 14 14 14 14 14 14 16 28 7 6 5 7 5 6 6 6 5 7 7 26 35 35 28 7 7 26 17 14 14 14 14 14 14 14 14 14 14 14 14 14 15 5 6 7 5 5 6 6 7 6 6 6 5 26 35 17 14 14 14 14 16 35 35 28 5 5 5 7 5 26 35 17 14 14 14 14 14 14 14 14 14 14 14 14 14 15 7 5 7 5 5 5 5 7 6 5 5 5 7 26 35 35 35 35 35 35 28 6 5 7 6 7 7
14 14 20 34 7 6 7 5 6 6 25 19 14 14 14 14 14 14 14 14 14 14 14 14 14 14 14 14 14 14 15 7 5 6 7 5 26 35 35 35 35 35 35 28 6 6 5 6 5 6 5 5 6 5 6 7 5 7 6 6 7 5 7 26 17 14 14 14 14 14 14 14 14 14 14 14 14 20 34 5 5 6 5 6 7 7 7 5 6 6 7 7 26 35 35 35 35 28 5 5 7 6 6 6 5 5 7 5 26 35 17 14 14 14 14 14 14 14 14 14 14 14 20 34 7 6 5 5 5 5 5 7 6 5 5 5 5 5 7 7 7 7 7 7 6 5 7 5 5 6
14 14 14 20 34 6 7 6 7 7 23 14 14 14 14 14 14 14 14 14 14 14 14 14 14 14 14 14 14 14 20 34 7 6 5 7 5 7 6 6 6 7 6 5 7 6 5 7 7 7 7 5 7 5 6 7 6 7 7 5 6 7 7 6 26 17 14 14 14 14 14 14 14 14 14 14 14 14 20 34 6 6 5 6 7 5 7 7 6 7 7 5 7 7 6 6 5 6 5 5 5 5 6 7 6 7 5 5 5 7 26 17 14 14 14 14 14 14 14 14 14 14 14 20 34 5 7 6 6 7 5 5 7 6 5 6 7 7 7 7 5 6 6 7 5 7 7 7 7 6
14 14 14 14 20 34 7 7 6 6 23 14 14 14 14 14 14 14 14 14 14 14 14 14 14 14 14 14 14 14 14 20 34 5 5 7 5 6 5 5 5 7 6 7 7 6 6 7 5 5 6 7 7 7 6 6 6 5 7 6 6 5 7 7 7 23 14 14 14 14 14 14 14 14 14 14 14 14 14 20 34 7 7 5 7 7 7 7 7 7 7 5 5 7 5 6 5 7 6 6 5 7 6 6 6 6 6 5 5 6 7 26 17 14 14 14 14 14 14 14 14 14 14 14 20 34 6 6 5 6 6 5 5 5 5 6 7 5 5 5 7 6 6 5 5 6 5 7 6 5
14 14 14 14 14 20 34 7 5 6 23 14 14 14 14 14 14 14 14 14 14 14 14 14 14 14 14 14 14 14 14 14 20 34 7 5 7 6 7 7 7 5 5 7 7 7 6 6 7 6 6 5 7 5 6 7 6 7 6 7 5 6 6 5 6 23 14 14 14 14 14 14 14 14 14 14 14 14 14 14 20 34 7 6 6 5 7 6 7 5 7 7 7 7 5 7 7 5 7 7 6 6 7 5 5 6 6 6 6 7 5 6 23 14 14 14 14 14 14 14 14 14 14 14 14 20 21 34 5 7 6 5 6 25 21 21 21 21 21 21 21 34 6 6 6 5 7 7 7 5
14 14 14 14 14 14 20 34 6 7 23 14 14 14 14 14 14 14 14 14 14 14 14 14 14 14 14 14 14 14 14 14 14 20 34 6 6 6 6 5 6 7 6 7 7 6 6 7 7 5 6 5 6 5 7 7 5 5 5 6 6 6 7 6 7 23 14 14 14 14 14 14 14 14 14 14 14 14 14 14 14 15 6 5 7 7 6 5 5 7 6 7 7 6 5 6 5 5 7 7 5 7 5 6 6 6 7 7 6 5 7 7 26 17 14 14 14 14 14 14 14 14 14 14 14 14 14 20 21 21 21 21 21 19 14 14 14 14 14 14 14 20 34 5 7 5 5 7 6 6
14 14 14 14 14 14 14 15 5 5 23 14 14 14 14 14 14 14 14 14 14 14 14 14 14 14 14 14 14 14 14 14 14 14 15 7 5 7 5 5 6 5 6 5 7 7 7 5 5 5 6 5 5 6 7 6 5 7 6 6 5 7 7 5 7 23 14 14 14 14 14 14 14 14 14 14 14 14 14 14 14 15 6 5 5 7 7 7 7 5 7 5 6 6 5 5 7 6 6 6 6 5 7 5 5 6 7 6 5 5 5 6 7 23 14 14 14 14 14 14 14 14 14 14 14 14 14 14 14 14 14 14 14 14 14 14 14 14 14 14 14 14 20 34 7 7 6 6 5 7
14 14 14 14 14 14 14 15 6 6 26 17 14 14 14 14 14 14 14 14 14 14 14 14 14 14 14 14 14 14 14 14 14 14 15 5 6 5 5 7 5 6 6 5 7 7 6 6 5 5 6 6 5 5 6 5 7 5 6 5 5 7 6 5 25 19 14 14 14 14 14 14 14 14 14 14 14 14 14 14 14 20 34 6 5 6 6 5 6 7 6 6 7 6 7 5 6 7 5 5 6 6 7 6 5 6 5 6 5 6 5 5 7 23 14 14 14 14 14 14 14 14 14 14 14 14 14 14 14 14 14 14 14 14 14 14 14 14 14 14 14 14 14 20 34 6 5 6 6 5
14 14 14 14 14 14 14 15 7 7 6 26 17 14 14 14 14 14 14 14 14 14 14 14 14 14 14 14 14 14 14 14 14 14 20 34 5 6 6 6 6 5 6 5 7 5 7 6 6 5 5 7 7 6 7 5 6 7 7 6 6 6 5 5 23 14 14 14 14 14 14 14 14 14 14 14 14 14 14 14 14 14 15 5 6 5 5 6 7 5 7 7 5 5 7 5 6 5 6 5 7 5 6 5 5 5 6 6 6 7 7 6 5 23 14 14 14 14 14 14 14 14 14 14 14 14 14 14 14 14 14 14 14 14 14 14 14 14 14 14 14 14 14 14 15 6 7 7 6 5
14 14 14 14 14 14 16 28 6 7 6 5 23 14 14 14 14 14 14 14 14 14 14 14 14 14 14 14 14 14 14 14 14 14 14 15 7 6 5 5 7 6 7 5 5 7 6 7 7 7 5 7 7 5 7 5 6 6 7 5 5 6 5 25 19 14 14 14 14 14 14 14 14 14 14 14 14 14 14 14 14 14 15 5 7 5 6 6 6 7 6 6 5 6 5 6 7 6 5 5 6 5 7 7 5 5 5 5 6 5 5 6 7 23 14 14 14 14 14 14 14 14 14 14 14 14 14 14 14 14 14 14 14 14 14 14 14 14 14 14 14 14 14 14 20 34 7 6 5 6
14 14 14 14 14 14 15 5 6 6 7 6 26 17 14 14 14 14 14 14 14 14 14 14 16 35 35 17 14 14 14 14 14 14 14 15 6 7 7 6 6 6 5 6 7 5 5 5 5 7 5 6 6 7 5 7 7 7 6 7 6 7 25 19 14 14 14 14 14 14 14 14 14 14 14 14 14 14 14 14 14 14 15 6 5 6 6 6 5 6 5 7 5 7 6 7 7 6 7 6 6 7 6 5 5 7 7 7 7 6 5 6 5 23 14 14 14 14 14 14 14 14 14 14 14 14 14 14 14 14 14 14 14 14 14 14 14 14 14 14 14 14 14 14 14 20 34 7 6 5
14 14 14 14 14 14 15 5 5 5 6 7 5 23 14 14 14 14 14 14 14 14 14 16 28 7 5 23 14 14 14 14 14 14 14 15 6 6 7 6 7 6 7 5 5 6 6 7 7 5 7 5 5 6 6 6 7 7 5 5 5 25 19 14 14 14 14 14 14 14 14 14 14 14 14 14 14 14 14 14 14 14 15 7 7 5 7 5 7 5 6 6 5 7 6 6 5 6 5 7 5 5 7 5 5 7 7 6 6 5 6 7 5 23 14 14 14 14 14 14 14 14 14 14 14 14 14 14 14 14 14 14 14 14 14 14 14 14 14 14 14 14 14 14 14 14 20 21 21 34
14 14 14 14 14 16 28 6 5 6 7 6 6 23 14 14 14 14 14 14 14 14 14 15 6 5 7 26 17 14 14 14 14 14 14 20 34 5 6 5 7 6 6 5 6 25 21 21 21 21 21 34 7 7 6 7 5 6 5 6 25 19 14 14 14 14 14 14 14 14 14 14 14 14 14 14 14 14 14 14 14 14 15 5 5 6 7 6 5 6 5 5 6 7 5 25 21 21 21 21 21 21 21 21 34 7 5 6 7 5 5 6 5 23 14 14 14 14 14 14 14 14 14 14 14 14 14 14 14 14 14 14 14 14 14 14 14 14 14 14 14 14 14 14 14 14 14 14 14 20
14 14 14 14 14 15 7 6 5 5 5 7 5 23 14 14 14 14 14 14 14 14 16 28 7 5 7 7 23 14 14 14 14 14 14 14 15 6 7 7 7 6 6 7 25 19 14 14 14 14 14 20 34 7 6 5 5 5 6 25 19 14 14 14 14 14 14 14 14 14 14 14 14 14 14 14 14 14 14 14 14 14 15 5 5 6 6 6 6 6 5 7 25 21 21 19 14 14 14 14 14 14 14 14 20 21 34 6 5 5 6 6 5 23 14 14 14 14 14 14 14 14 14 14 14 14 14 14 14 14 14 14 14 14 14 14 14 14 14 14 14 14 14 14 14 14 14 14 14 14
14 14 14 14 16 28 6 7 5 6 5 7 6 23 14 14 14 14 14 14 14 14 15 6 5 7 6 5 23 14 14 14 14 14 14 14 15 7 7 5 5 5 7 25 19 14 14 14 14 14 14 14 20 34 7 6 7 7 6 23 14 14 14 14 14 14 14 14 14 14 14 14 14 14 14 14 14 14 14 14 14 14 15 21 21 21 21 21 21 21 21 21 19 14 14 14 14 14 14 14 14 14 14 14 14 14 20 21 34 7 6 5 6 23 14 14 14 14 14 14 14 14 16 35 35 35 35 17 14 14 14 14 14 14 14 14 14 14 16 35 35 35 35 17 14 14 14 14 14 14
14 14 14 14 15 5 7 5 6 6 5 7 25 19 14 14 14 14 14 14 14 14 15 7 5 7 7 6 26 17 14 14 14 14 14 14 15 5 5 5 5 5 25 19 14 14 14 14 14 14 14 14 14 20 34 6 5 7 25 19 14 14 14 14 14 14 14 14 14 14 14 14 14 16 35 35 35 35 35 35 35 35 19 14 14 14 14 14 14 14 14 14 14 14 14 14 14 14 14 14 14 14 14 14 14 14 14 14 20 21 21 21 34 6 35 17 14 14 14 16 35 35 28 7 5 6 6 26 35 35 17 14 14 14 14 16 35 35 28 5 7 7 6 26 17 14 14 14 14 14
17 14 16 35 28 6 7 7 6 5 6 25 19 14 14 14 14 14 14 14 14 14 15 5 5 6 7 5 7 23 14 14 14 14 14 14 15 7 6 6 6 25 19 14 14 14 14 14 14 14 14 14 14 14 20 34 25 21 19 14 14 14 14 14 14 14 14 14 14 14 14 14 16 28 5 7 6 6 5 5 7 23 14 14 14 14 14 14 14 14 14 14 14 14 14 14 14 14 14 14 14 14 14 14 14 14 14 14 14 14 14 14 20 21 6 26 35 35 35 28 5 6 5 7 6 7 6 6 7 7 26 35 35 35 35 28 5 6 7 7 6 5 6 7 23 14 14 14 14 14
26 35 28 5 5 5 6 6 6 5 25 19 14 14 14 14 14 14 14 14 14 14 20 34 5 6 7 6 7 26 17 14 14 14 14 14 15 7 7 6 25 19 14 14 14 14 14 14 14 14 14 14 14 14 14 20 19 14 14 14 14 14 14 14 14 14 14 14 14 14 14 14 15 7 5 6 5 5 6 6 6 23 14 14 14 14 14 14 14 14 14 14 14 14 14 14 14 14 14 14 14 14 14 14 14 14 14 14 14 14 14 14 14 14 15 7 5 7 5 7 6 6 7 5 6 6 6 7 6 5 7 5 7 7 7 7 6 6 5 5 5 6 5 6 26 17 14 14 14 14
5 7 7 5 5 6 6 7 25 21 19 14 14 14 14 14 14 14 14 14 14 14 14 15 6 5 7 6 7 5 26 17 14 14 14 14 15 6 7 5 23 14 14 14 14 14 14 14 14 14 14 14 14 14 14 14 14 14 14 14 14 14 14 14 14 14 14 14 14 14 14 14 15 7 5 7 7 5 7 5 5 23 14 14 14 14 14 14 14 14 14 14 14 14 14 14 14 14 14 14 14 14 14 14 14 14 14 14 14 14 14 14 14 14 20 34 6 6 7 7 6 6 7 7 5 6 6 5 5 6 7 7 5 5 5 5 5 7 5 5 5 5 6 7 7 26 17 14 14 14
7 5 7 6 5 6 7 25 19 14 14 14 14 14 14 14 14 14 14 14 14 14 14 15 5 6 5 7 5 6 7 26 35 35 35 35 28 6 5 5 23 14 14 14 14 14 14 14 14 14 14 14 14 14 14 14 14 14 14 14 14 14 14 14 14 14 14 14 14 14 14 14 20 34 6 6 7 6 6 6 25 19 14 14 14 14 14 14 14 14 14 14 14 14 14 14 14 14 14 14 14 14 14 14 14 14 14 14 14 14 14 14 14 14 14 20 34 6 6 7 6 5 6 7 6 7 7 6 5 6 6 6 5 6 5 6 6 7 5 5 7 6 5 5 6 6 26 17 14 14
6 7 7 7 7 7 25 19 14 14 14 14 14 14 14 14 14 14 14 14 14 14 14 15 6 5 6 5 6 6 6 5 6 7 5 7 5 5 7 7 26 17 14 14 14 14 14 14 14 14 14 14 14 14 14 14 14 14 14 14 14 14 14 14 14 14 14 14 14 14 14 14 14 15 6 6 7 6 6 25 19 14 14 14 14 14 14 14 14 14 14 14 14 14 14 14 14 14 14 14 14 14 14 14 14 14 14 14 14 14 14 14 14 14 14 14 15 6 5 5 6 7 7 7 7 6 5 6 7 5 7 6 5 5 5 7 6 5 6 5 6 7 6 6 6 5 7 26 35 17
5 5 6 6 5 5 23 14 14 14 14 14 14 14 14 14 14 14 14 14 14 14 14 15 7 5 6 5 6 5 6 7 7 5 7 5 6 7 7 6 6 26 17 14 14 14 14 14 14 14 14 14 14 14 14 14 14 14 14 14 14 14 14 14 14 14 14 14 14 14 14 14 14 20 21 21 21 21 21 19 14 14 14 14 14 14 14 14 14 14 14 14 14 14 14 14 14 14 14 14 14 14 14 14 14 14 14 14 14 14 14 14 14 14 14 14 20 34 6 6 7 7 6 7 5 6 5 7 5 6 7 7 5 7 6 7 5 7 5 7 5 7 7 6 6 5 6 6 7 26
6 6 6 5 6 6 23 14 14 14 14 14 14 14 14 14 14 14 14 14 14 14 14 20 34 6 7 7 6 7 5 6 6 7 5 7 5 7 5 7 5 7 26 35 35 35 35 35 35 35 35 17 14 14 14 14 14 14 14 14 14 14 14 14 14 14 14 14 14 14 14 14 14 14 14 14 14 14 14 14 14 14 14 14 14 14 14 14 14 14 14 14 14 14 14 14 14 14 14 14 14 14 14 14 14 14 14 14 14 14 14 14 14 14 14 14 14 15 7 7 5 5 6 7 6 7 5 7 6 6 6 7 5 7 5 5 6 5 6 6 6 7 5 6 7 7 5 7 7 5
7 7 5 7 5 7 23 14 14 14 14 14 14 14 14 14 14 14 14 14 14 14 14 14 15 7 6 5 7 7 6 7 5 7 7 7 5 5 5 6 7 7 5 6 7 5 5 7 7 6 7 26 17 14 14 14 14 14 14 14 14 14 14 14 14 14 14 14 14 14 14 14 14 14 14 14 14 14 14 14 14 14 14 14 14 14 14 14 14 14 14 14 14 14 14 14 14 14 14 14 14 14 14 14 14 14 14 14 14 14 14 14 14 14 14 14 14 20 34 6 7 25 21 21 21 21 34 6 7 7 5 5 7 6 6 7 6 7 5 6 5 5 5 7 6 6 5 5 5 6
6 7 7 7 7 5 23 14 14 14 14 14 14 14 14 14 14 14 14 14 14 14 14 14 20 34 5 5 7 7 5 5 6 7 5 5 6 5 6 5 6 5 6 5 7 5 6 5 6 5 6 6 26 17 14 14 14 14 14 14 14 14 14 14 14 14 14 14 14 14 14 14 14 14 14 14 14 14 14 14 14 14 14 14 14 14 14 14 14 14 14 14 14 14 14 14 14 14 14 14 14 14 14 14 14 14 14 14 14 14 14 14 14 14 14 14 14 14 20 21 21 19 14 14 14 14 20 34 7 5 7 5 6 5 6 6 7 5 5 6 7 7 7 6 7 6 7 6 6 7
7 7 7 6 6 5 23 14 14 14 14 14 14 14 14 14 14 14 14 14 14 14 14 14 14 20 34 7 6 6 6 6 7 6 6 6 7 5 6 7 7 5 6 7 6 5 5 5 7 6 6 7 7 26 17 14 14 14 14 14 14 14 14 14 14 14 14 14 14 14 14 14 14 14 14 14 14 14 14 14 14 14 14 14 14 14 14 14 14 14 14 14 14 14 14 14 14 14 14 14 14 14 14 14 14 14 14 14 14 14 14 14 14 14 14 14 14 14 14 14 14 14 14 14 14 14 14 20 34 7 6 6 7 5 7 7 5 7 5 7 7 7 7 5 5 6 6 6 7 5
5 6 7 6 7 7 23 14 14 14 14 14 14 14 14 14 14 14 14 14 14 14 14 14 14 14 20 34 6 5 6 7 5 5 6 6 5 6 6 25 21 34 7 7 6 5 7 6 6 6 7 7 7 6 26 17 14 14 14 14 14 14 14 14 14 14 14 14 14 14 14 14 14 14 14 14 14 14 14 14 14 14 14 14 16 35 35 35 35 35 35 35 35 35 35 35 35 35 35 35 17 14 14 14 14 14 14 14 14 14 14 14 14 14 14 14 14 14 14 14 14 14 14 14 14 14 14 14 20 34 5 7 6 6 5 5 5 7 5 7 5 6 7 5 5 5 6 6 5 6
5 5 7 7 7 7 23 14 14 14 14 14 14 14 14 14 14 14 14 14 14 14 14 14 14 14 14 20 34 6 5 6 7 6 7 6 5 25 21 19 14 20 21 34 5 7 6 5 5 7 6 6 6 7 5 23 14 14 14 14 14 14 14 14 14 14 14 14 14 14 14 14 14 14 14 14 14 14 14 14 14 14 14 16 28 5 5 5 5 7 6 7 7 6 6 5 5 6 7 5 26 35 17 14 14 14 14 14 14 14 14 14 14 14 14 14 14 14 14 14 14 14 14 14 14 14 14 14 14 15 5 7 5 5 7 5 7 7 7 5 5 6 5 6 5 6 7 5 5 5
6 6 5 6 7 5 23 14 14 14 14 14 14 14 14 14 14 14 14 14 14 14 14 14 14 14 14 14 20 34 5 6 6 5 5 25 21 19 14 14 14 14 14 20 34 6 5 7 6 6 7 6 5 5 7 26 17 14 14 14 14 14 14 14 14 14 14 14 14 14 14 14 14 14 14 14 14 14 14 14 14 14 16 28 5 6 5 7 7 7 7 7 7 7 6 6 5 6 6 7 5 5 26 35 17 14 14 14 14 14 14 14 14 14 14 14 14 14 14 14 14 14 14 14 14 14 14 14 14 15 7 6 5 6 7 6 7 25 21 21 21 21 21 34 6 7 5 5 5 6
6 6 6 6 5 7 26 17 14 14 14 14 14 14 14 14 14 14 14 14 14 14 14 14 14 14 14 14 14 20 34 7 5 7 25 19 14 14 14 14 14 14 14 14 20 34 7 5 5 7 7 6 5 5 5 5 26 35 17 14 14 14 14 14 14 14 14 14 14 14 14 14 14 14 14 14 14 14 14 14 16 35 28 6 5 7 7 6 7 25 21 21 21 21 34 7 5 7 6 5 6 7 7 6 26 17 14 14 14 14 14 14 14 14 14 14 14 16 35 35 17 14 14 14 14 14 14 14 14 15 7 7 6 5 6 5 25 19 14 14 14 14 14 20 21 34 7 5 6 5
34 6 5 5 6 6 6 26 35 35 35 35 35 35 35 35 35 17 14 14 14 14 14 14 14 14 14 14 14 14 20 34 5 25 19 14 14 14 14 14 14 14 14 14 14 20 34 6 5 5 5 7 5 5 6 6 5 7 26 35 17 14 14 14 14 14 14 14 14 14 14 14 16 35 35 35 35 35 35 35 28 6 7 6 7 5 25 21 21 19 14 14 14 14 20 34 5 6 7 7 6 7 5 6 5 26 17 14 14 14 14 14 14 14 14 16 35 28 6 5 26 17 14 14 14 14 14 14 14 15 6 6 7 7 5 25 19 14 14 14 14 14 14 14 14 20 21 21 21 21
20 34 5 6 7 6 7 7 6 5 5 5 6 6 6 6 6 26 35 17 14 14 14 14 14 14 14 14 14 14 14 20 21 19 14 14 14 14 14 14 14 14 14 14 14 14 20 34 5 6 6 5 5 5 5 6 7 5 7 7 26 35 35 17 14 14 14 14 14 16 35 35 28 7 7 6 7 7 7 6 6 7 5 7 7 25 19 14 14 14 14 14 14 14 14 20 34 7 5 5 7 7 6 7 5 7 23 14 14 14 14 14 14 14 16 28 7 5 7 5 7 26 35 17 14 14 14 14 14 15 7 7 6 6 25 19 14 14 14 14 14 14 14 14 14 14 14 14 14 14
14 15 5 7 7 7 5 7 6 6 5 5 5 5 5 5 5 6 6 23 14 14 14 14 14 14 14 14 14 14 14 14 14 14 14 14 14 14 14 14 14 14 14 14 14 14 14 15 5 7 5 5 6 5 7 6 7 5 6 5 5 6 6 26 35 35 35 35 35 28 7 6 5 5 7 6 5 5 7 5 6 5 7 25 21 19 14 14 14 14 14 14 14 14 14 14 20 34 6 7 5 7 5 5 6 6 26 17 14 14 14 14 14 16 28 6 5 6 7 6 5 6 5 26 17 14 14 14 16 28 7 5 5 5 23 14 14 14 14 14 14 14 14 14 14 14 14 14 14 14
14 15 7 5 6 5 6 7 7 7 5 7 7 5 6 6 5 6 6 23 14 14 14 14 14 14 14 14 14 14 14 14 14 14 14 14 14 14 14 14 14 14 14 14 14 14 14 15 7 7 5 6 6 7 5 5 5 7 5 7 5 6 6 7 6 6 6 7 7 7 6 6 5 7 7 7 6 5 6 5 7 5 25 19 14 14 14 14 14 14 14 14 14 14 14 14 14 20 34 6 5 5 7 6 7 5 6 23 14 14 14 14 14 15 6 5 6 5 5 6 7 6 5 25 19 14 14 14 15 6 5 6 5 7 23 14 14 14 14 14 14 14 14 14 14 14 14 14 14 14
16 28 5 5 5 7 6 5 7 7 6 5 5 7 5 7 7 6 7 23 14 14 14 14 14 14 14 14 14 14 14 14 14 14 14 14 14 14 14 14 14 14 14 14 14 14 14 15 5 7 7 6 5 6 5 5 5 5 6 7 5 5 5 7 6 7 7 5 6 7 7 6 6 5 7 5 6 5 5 6 6 25 19 14 14 14 14 14 14 14 14 14 14 14 14 14 14 14 20 21 34 5 6 7 5 7 25 19 14 14 14 14 16 28 5 6 6 7 7 7 7 5 25 19 14 14 14 14 15 5 6 6 5 7 26 17 14 14 14 14 14 14 14 14 14 14 14 14 14 14
28 6 5 6 5 6 7 6 5 5 7 5 7 7 7 5 6 5 5 23 14 14 14 14 14 14 14 14 14 14 14 14 14 14 14 14 14 14 14 14 14 14 14 14 14 14 14 15 6 6 5 7 5 7 7 6 5 7 6 7 6 6 7 7 6 7 6 6 6 5 7 6 5 7 5 6 5 6 6 25 21 19 14 14 14 14 14 14 14 14 14 14 14 14 14 14 14 14 14 14 20 21 21 21 21 21 19 14 14 14 14 14 15 6 5 7 5 5 7 5 25 21 19 14 14 14 14 14 20 34 5 5 5 6 5 26 17 14 14 14 14 14 14 14 14 14 14 14 14 14
5 5 5 5 6 6 6 5 7 6 6 5 5 7 5 6 7 6 25 19 14 14 14 14 14 14 14 14 14 14 14 14 14 14 14 14 14 14 14 14 14 14 14 14 14 14 16 28 6 5 7 5 7 6 7 7 7 6 6 7 7 5 7 6 5 7 7 6 7 7 5 6 6 6 5 7 7 25 21 19 14 14 14 14 14 14 14 14 14 14 14 14 14 14 14 14 14 14 14 14 14 14 14 14 14 14 14 14 14 14 14 14 15 7 6 5 6 5 5 25 19 14 14 14 14 14 14 14 14 15 5 7 7 6 7 7 26 17 14 14 14 14 14 14 14 14 14 14 14 14
7 6 5 6 5 7 6 6 7 7 7 6 6 7 5 6 6 6 23 14 14 14 14 14 14 14 14 14 14 14 14 14 14 14 14 14 14 14 14 14 14 14 14 14 14 16 28 5 7 5 7 7 5 6 7 6 6 5 7 5 7 7 7 6 6 5 7 5 7 5 6 7 5 6 7 6 25 19 14 14 14 14 14 14 14 14 14 14 14 14 14 14 14 14 14 14 14 14 14 14 14 14 14 14 14 14 14 14 14 14 14 14 15 5 6 6 6 6 25 19 14 14 14 14 14 14 14 14 14 15 5 6 7 5 6 7 5 26 17 14 14 14 14 14 14 14 14 14 16 17
7 6 6 6 5 5 5 7 7 7 5 7 6 7 5 5 5 25 19 14 14 14 14 14 14 14 14 14 14 14 14 14 14 14 14 14 14 14 14 14 14 14 14 14 16 28 5 5 5 7 5 6 7 6 5 5 7 7 6 7 25 21 21 21 21 21 34 7 6 5 7 7 7 6 5 25 19 14 14 14 14 14 14 14 14 14 14 14 14 14 14 14 14 14 14 14 14 14 14 14 14 14 14 14 14 14 14 14 14 14 14 14 15 7 6 5 7 6 23 14 14 14 14 14 14 14 14 14 14 15 7 6 5 5 6 5 7 7 26 17 14 14 14 14 14 14 16 35 28 26
6 7 5 5 7 6 6 7 6 6 6 5 5 7 6 7 25 19 14 14 14 14 14 14 14 14 14 14 14 14 14 14 14 14 14 14 14 14 14 14 14 14 14 16 28 6 7 6 5 6 7 6 6 6 5 6 7 7 7 25 19 14 14 14 14 14 20 34 5 6 5 5 6 6 25 19 14 14 14 14 14 14 14 14 14 14 14 14 14 14 14 14 14 14 14 14 14 14 14 14 14 14 14 14 14 14 14 14 14 14 14 14 15 5 7 6 7 25 19 14 14 14 14 14 14 14 14 14 14 15 5 7 6 5 5 5 5 5 7 23 14 14 14 14 14 16 28 7 5 7
6 5 5 6 5 7 7 7 6 7 7 5 7 5 6 25 19 14 14 14 14 14 14 14 14 14 14 14 14 14 14 14 14 14 14 14 14 14 14 14 14 14 16 28 6 6 7 7 6 7 6 6 6 5 7 6 6 5 25 19 14 14 14 14 14 14 14 15 6 6 5 5 5 6 23 14 14 14 14 14 14 14 14 14 14 14 14 14 14 14 14 14 14 14 14 14 14 14 14 14 14 14 14 14 14 14 14 14 14 14 14 16 28 5 5 5 5 23 14 14 14 14 14 14 14 14 14 14 14 15 6 7 7 6 6 5 5 5 6 23 14 14 14 14 14 15 7 5 6 5
7 7 5 7 7 5 6 5 7 5 7 5 7 6 25 19 14 14 14 14 14 14 14 14 14 14 14 14 14 14 14 14 16 35 35 35 17 14 14 14 14 16 28 6 7 6 5 6 6 5 6 5 6 7 5 5 7 5 23 14 14 14 14 14 14 14 14 15 5 5 5 7 5 7 23 14 14 14 14 14 14 14 14 14 14 14 14 14 14 14 14 14 14 14 14 14 14 14 14 14 14 14 14 14 14 14 14 14 14 14 14 15 5 7 6 7 7 26 17 14 14 14 14 14 14 14 14 14 14 15 6 6 5 6 7 7 7 7 6 23 14 14 14 14 14 15 5 6 6 5
7 7 6 5 7 5 5 5 7 6 7 5 5 6 23 14 14 14 14 14 14 14 14 14 14 14 14 14 14 14 14 16 28 6 5 6 26 17 14 14 14 20 34 5 7 7 6 6 5 7 6 6 5 5 5 5 7 6 23 14 14 14 14 14 14 14 14 15 7 5 6 5 6 5 23 14 14 14 14 14 14 14 14 14 14 14 14 14 14 14 14 14 14 14 14 14 14 14 14 14 14 14 14 14 14 14 14 14 14 14 16 28 5 6 7 7 7 7 23 14 14 14 14 14 14 14 14 14 14 15 7 5 6 7 5 6 6 7 25 19 14 14 14 14 14 20 34 5 5 7
