110 0 0 0 0 0 0 0 0 112 0 0 0 0 0 0 0 0 0 0 0 0 0 0 0 0 11 0 0 0 0 0 0 0 0 0 0 0 0 0 0 0 0 0 0 0 0 0 0 0 0 0 0 48 49 124 0 126 0 0 0 0 0 0 0 0 0 0 0 0 0 0 0 0 0 0 126 0 0 8 0 0 0 111 0 132 0 127 0 0 0 0 0 0 0 0 0 0 0 0 0 0 0 0 0 0 8 0 0 48 49 0 0 0 0 0 125 0 0 0 0 0 0 0 0 0 0 0 0 0 0 0 0 0 0 0 0 0 0 0 0 0 0 0 0 0 0 0 0 0
0 0 8 125 0 0 0 137 0 113 0 0 0 0 0 0 0 0 0 0 0 0 0 0 125 127 111 0 0 0 0 0 0 0 0 0 0 0 0 0 0 0 0 0 0 0 132 0 0 110 0 0 113 61 62 0 0 0 0 0 0 0 0 0 0 0 0 0 0 0 0 0 0 0 127 0 0 0 0 0 48 49 0 0 0 111 0 111 0 0 0 0 0 0 0 0 0 0 0 0 0 0 0 0 136 0 111 0 11 61 62 0 0 0 0 111 0 48 49 0 0 126 111 0 0 0 0 0 0 0 0 0 0 0 0 0 0 0 0 0 0 0 0 0 0 0 0 0 0 0
0 0 126 0 0 0 0 0 11 137 0 0 0 0 0 0 0 0 0 0 0 0 124 0 8 110 0 135 125 125 0 0 0 0 0 0 0 0 0 0 0 0 0 0 0 124 0 124 113 0 0 0 0 0 127 0 0 0 0 0 0 0 0 0 0 0 0 0 0 0 0 0 0 123 0 0 0 0 123 110 61 62 112 0 0 0 0 0 0 0 0 0 0 0 0 0 0 0 0 0 0 0 125 0 0 0 0 0 0 125 0 0 0 112 110 0 0 61 62 124 0 0 124 0 0 0 0 0 0 0 0 0 0 0 0 0 0 0 0 0 0 0 0 0 0 0 0 0 0 0
8 0 0 0 0 0 0 124 0 0 0 0 0 0 0 0 0 0 0 0 0 112 0 0 0 0 0 48 49 0 0 0 0 0 0 0 0 0 0 0 0 0 0 0 126 112 0 48 49 0 111 0 0 125 0 0 0 0 0 0 0 0 0 0 0 0 0 0 0 0 0 0 0 0 0 0 0 0 127 0 0 0 0 0 11 125 0 0 0 0 0 0 0 0 0 0 0 0 0 0 0 0 0 0 0 0 48 49 125 0 0 0 0 0 135 0 125 0 0 0 111 0 126 0 0 0 0 0 0 0 0 0 0 0 0 0 0 0 0 0 0 0 0 0 0 0 0 0 0 0
123 0 110 0 137 0 0 0 110 0 0 0 0 0 0 0 0 0 113 0 0 136 0 0 133 113 0 61 62 0 0 124 0 0 0 0 0 0 0 0 0 0 0 0 0 0 111 61 62 0 0 0 0 8 0 0 0 0 0 0 0 0 0 0 0 0 0 0 0 0 0 0 0 124 0 0 0 110 0 0 0 0 0 111 0 0 0 0 0 0 0 0 0 0 0 0 0 0 0 0 0 0 0 0 124 8 61 62 0 110 0 0 11 0 0 0 48 49 0 136 11 0 0 0 0 0 0 0 0 0 0 0 0 0 0 0 0 0 0 0 0 0 0 0 0 0 0 0 0 0
0 0 0 123 0 0 0 0 0 0 0 0 0 0 0 0 0 113 0 0 0 11 0 113 0 0 0 112 11 0 0 123 0 0 0 0 0 0 0 0 0 0 0 0 0 0 0 0 0 113 0 0 125 0 0 0 0 0 0 0 0 0 0 0 0 0 0 0 0 0 0 0 0 0 123 0 0 0 0 126 0 0 0 125 0 0 0 0 0 0 0 0 0 0 0 0 0 0 0 0 0 11 0 112 0 0 0 126 0 0 0 0 0 0 0 0 61 62 125 0 0 0 112 0 0 0 0 0 0 0 0 0 0 0 0 0 0 0 0 0 0 0 0 0 0 0 0 0 0 0
133 0 125 0 0 0 112 0 0 110 0 0 0 0 0 0 0 0 0 0 0 48 49 0 0 0 11 110 0 0 0 0 0 0 0 0 0 0 0 0 0 0 0 0 0 0 0 127 112 0 0 123 0 0 0 0 0 0 0 0 0 0 0 0 0 0 0 0 0 0 0 0 0 0 0 0 0 0 0 0 0 0 0 0 0 0 0 0 0 0 0 0 0 0 0 0 11 0 112 0 125 0 0 110 0 0 0 0 113 0 0 0 11 0 0 113 0 124 113 136 0 0 111 0 0 0 0 0 0 0 0 0 0 0 0 0 0 0 0 0 0 0 0 0 0 0 0 0 0 0
0 136 0 0 126 0 0 0 0 0 0 0 0 0 124 0 0 0 0 0 11 61 62 0 0 0 0 48 49 0 0 111 0 0 0 0 0 0 0 0 0 0 0 0 0 0 8 111 124 0 123 0 0 0 0 0 0 0 0 0 0 0 0 0 0 0 0 0 0 0 0 0 0 0 0 0 0 0 0 0 0 0 0 0 0 0 0 0 0 0 0 0 0 127 0 0 127 110 0 0 0 11 0 0 48 49 0 0 0 0 0 0 111 0 0 0 112 0 0 127 0 0 0 0 0 0 0 0 0 0 0 0 0 0 0 0 0 0 0 0 0 0 0 0 0 0 0 0 0 11
0 123 0 0 110 0 0 123 0 112 0 0 11 127 0 0 0 0 113 0 123 0 126 0 0 126 0 61 62 11 0 125 0 0 0 0 0 0 0 0 0 0 0 0 0 0 0 0 0 0 0 0 0 0 0 0 0 0 0 0 0 0 0 0 0 0 0 0 0 0 0 0 0 0 0 0 0 0 0 0 0 0 0 0 0 0 0 0 0 0 0 11 123 113 0 0 0 0 0 0 0 0 0 127 61 62 0 8 0 0 0 0 0 0 11 8 0 0 0 0 0 0 0 0 110 111 127 0 0 110 0 0 0 0 0 0 0 0 0 0 0 0 0 0 0 0 0 0 0 11
0 0 11 0 8 0 0 0 112 0 124 127 0 0 0 11 0 0 0 124 0 0 0 48 49 0 0 0 110 0 0 112 113 0 0 0 0 0 0 0 0 0 0 0 0 0 0 0 0 0 0 0 0 0 0 0 0 0 0 0 0 0 0 0 0 0 0 0 0 0 0 0 0 0 0 0 0 0 0 0 0 0 0 0 0 0 0 0 0 0 0 110 0 0 0 0 0 0 11 0 0 0 0 0 11 0 0 0 0 0 113 0 0 0 0 0 0 0 0 0 0 0 0 8 0 48 49 111 8 110 0 0 126 0 0 0 0 0 0 0 0 0 0 0 0 0 0 0 127 0
125 0 0 0 0 0 110 0 125 0 0 0 0 113 0 0 0 133 0 0 126 0 0 61 62 0 0 0 0 11 0 0 0 0 0 0 0 0 0 0 0 0 0 0 0 0 0 0 0 0 0 0 0 0 0 0 0 0 0 0 0 0 0 0 0 0 0 0 0 0 0 0 0 0 0 0 0 0 0 0 0 0 0 0 0 0 0 0 0 0 125 0 110 0 0 0 0 0 0 0 0 113 0 0 0 0 0 0 0 123 0 0 0 0 0 0 0 0 0 0 0 0 0 125 0 61 62 135 0 0 0 0 126 0 0 0 0 0 0 0 0 0 0 0 0 0 0 0 11 0
0 0 0 0 0 124 110 0 0 0 0 0 125 0 0 0 0 48 49 0 0 0 0 0 0 0 0 0 0 0 0 125 0 0 0 0 0 0 0 0 0 0 0 0 0 0 0 0 0 125 0 0 0 0 0 0 0 0 0 0 0 0 0 0 0 0 0 0 0 0 0 0 0 0 0 0 0 0 0 0 0 0 0 0 0 0 0 0 0 0 0 0 123 0 11 124 123 113 0 0 127 0 0 110 48 49 0 0 0 110 0 0 0 0 0 0 0 0 0 0 0 0 0 0 0 0 0 0 0 0 0 0 8 0 0 0 0 0 0 0 0 0 0 0 0 0 0 113 0 127
0 0 0 0 124 0 0 0 0 0 0 0 0 124 8 127 0 61 62 127 0 0 110 0 0 0 0 132 0 8 0 0 0 0 0 0 0 0 0 0 0 0 0 0 0 0 0 135 11 0 0 0 110 0 0 0 0 0 0 0 0 0 0 0 0 0 0 0 0 0 0 0 0 0 0 0 0 0 0 0 0 0 0 0 0 0 0 0 0 0 0 0 0 0 0 0 0 0 11 0 0 126 127 0 61 62 113 111 0 0 0 0 0 0 0 0 0 0 0 0 0 0 0 0 125 0 0 112 0 0 48 49 0 0 0 0 0 0 0 0 0 0 0 0 0 110 11 125 133 110
123 0 0 0 0 0 0 0 0 0 0 0 0 0 0 0 0 133 126 0 0 0 0 0 110 0 0 0 112 0 0 0 0 0 0 0 0 0 0 0 0 0 0 0 0 0 0 0 127 0 48 49 113 0 0 113 0 0 0 0 0 0 0 0 0 0 0 0 0 0 0 0 0 0 0 0 0 0 0 0 0 0 0 0 0 0 0 0 0 0 0 0 0 124 0 0 0 0 48 49 0 48 49 137 0 0 0 0 0 0 0 0 0 0 0 0 0 0 0 0 0 0 123 0 0 0 0 0 0 0 61 62 0 113 0 0 0 0 0 0 0 0 0 0 0 0 0 0 110 0
0 0 0 0 0 0 0 0 0 0 0 0 0 0 0 8 0 0 0 0 0 0 123 0 0 11 126 134 0 0 0 0 0 0 0 0 0 0 0 0 0 0 0 0 0 0 0 0 11 0 61 62 0 0 0 0 0 0 0 0 11 8 125 0 0 0 0 113 0 0 0 0 123 0 0 0 0 0 0 0 0 0 0 0 0 0 0 0 0 0 0 0 0 135 0 0 112 0 61 62 111 61 62 0 0 0 0 0 0 0 0 0 0 0 0 0 0 0 0 0 0 0 0 0 0 0 0 135 0 0 0 0 0 126 0 0 124 0 0 0 0 0 0 0 0 0 113 8 0 0
0 0 0 0 0 0 0 0 0 0 0 0 0 0 0 8 0 0 123 112 0 127 0 0 0 11 0 0 0 0 0 0 0 0 0 0 0 0 0 0 0 0 0 0 0 0 0 11 125 0 0 0 113 127 123 11 0 112 0 125 0 0 0 0 48 49 0 125 0 0 0 0 0 0 110 0 0 0 123 110 0 0 0 0 0 0 0 0 0 0 0 0 0 0 124 0 0 0 0 0 0 11 0 0 0 0 0 0 0 0 0 0 0 0 0 0 0 0 0 0 0 124 0 11 0 124 0 48 49 0 111 0 0 0 48 49 0 0 0 0 0 0 0 0 0 0 0 8 0 123
0 0 0 0 0 0 0 0 0 0 0 0 0 0 0 0 124 124 0 0 0 124 134 125 0 0 0 0 0 0 0 0 0 0 0 0 0 0 0 0 0 0 0 111 0 0 110 0 0 112 124 0 0 111 123 0 113 110 0 0 124 0 0 11 61 62 0 113 110 0 0 0 0 0 112 0 127 48 49 0 0 0 0 0 0 0 0 0 0 0 0 0 125 0 0 123 0 0 0 0 0 0 124 0 0 0 0 0 0 0 0 0 0 0 0 0 0 0 0 0 0 0 0 0 0 0 0 61 62 0 0 0 0 0 61 62 126 0 113 0 0 0 0 0 0 126 126 0 0 126
0 0 0 0 0 0 0 0 0 0 0 0 0 0 0 0 0 0 0 0 0 0 0 0 0 0 0 0 0 0 0 0 0 0 0 0 0 0 0 0 0 0 111 0 112 11 0 0 0 137 0 0 0 8 0 0 0 0 0 0 0 0 0 0 0 0 0 0 125 0 0 112 0 0 124 0 0 61 62 0 0 0 0 0 0 0 0 0 0 0 0 111 0 0 0 0 0 0 0 127 136 0 0 0 0 0 0 0 0 0 0 0 0 0 0 0 0 0 0 0 11 0 0 0 126 0 0 0 0 0 127 0 0 112 125 136 124 0 0 0 0 0 0 0 0 113 0 0 0 112
0 0 0 0 0 0 0 0 0 0 0 0 0 0 0 0 0 0 0 0 0 126 0 0 0 0 0 0 0 0 0 0 0 0 0 0 0 0 0 0 0 0 0 0 111 0 0 123 0 0 126 0 0 0 0 0 0 126 111 125 0 0 0 0 0 0 8 0 0 0 0 0 0 11 0 0 0 111 0 0 126 11 0 0 0 0 0 0 0 0 0 113 134 0 0 0 123 0 0 0 0 0 0 0 0 0 0 0 0 0 0 0 0 0 0 0 0 0 0 0 0 0 126 0 0 0 133 0 0 126 0 0 0 0 0 136 112 0 126 0 0 0 124 0 125 0 0 113 0 0
0 0 0 0 0 0 0 0 0 0 0 0 0 0 0 0 0 0 0 0 0 0 0 0 0 0 0 0 0 0 0 0 0 0 0 0 0 0 0 0 0 0 0 113 0 0 126 125 0 0 8 0 0 0 134 11 0 124 11 8 0 0 0 0 0 11 0 0 126 0 0 0 0 0 0 0 48 49 0 0 127 127 0 0 0 0 0 0 0 0 0 0 0 0 0 0 112 124 126 126 127 0 0 0 0 0 0 0 0 0 0 0 0 0 0 0 0 0 125 0 0 134 0 110 0 0 0 125 0 0 0 0 127 126 0 0 0 0 123 0 0 0 0 0 0 0 0 11 0 0
0 0 0 0 0 0 0 0 0 0 0 0 0 0 0 0 0 0 0 0 0 0 0 0 0 0 0 0 0 0 0 0 0 0 0 0 0 0 0 0 0 0 0 0 0 0 0 0 0 0 0 0 0 0 0 0 0 0 123 0 0 0 0 113 0 0 0 0 137 0 127 0 0 0 0 0 61 62 112 0 0 8 0 0 0 0 0 0 0 0 0 0 0 0 123 0 0 0 0 0 112 0 0 0 0 0 0 0 0 0 0 0 0 0 0 0 0 0 125 0 112 126 8 0 0 8 0 0 0 0 0 0 0 0 125 8 8 126 0 0 112 0 0 0 0 0 0 0 0 0
0 0 0 0 0 0 0 0 0 0 0 0 0 0 0 0 0 0 0 0 0 0 0 0 0 0 0 0 0 0 0 0 0 0 0 0 0 0 0 0 0 0 0 0 0 0 123 0 0 123 8 0 0 124 126 0 0 111 0 0 0 123 0 0 0 0 0 0 0 0 0 0 124 0 0 0 0 133 8 0 0 0 124 0 0 0 0 0 0 0 48 49 0 0 0 0 0 126 0 0 127 0 0 0 0 0 0 0 0 0 0 0 0 0 0 0 123 0 0 0 0 0 0 0 0 0 0 0 0 0 0 0 0 0 0 0 0 0 11 0 0 0 0 0 0 0 0 0 0 0
0 0 0 0 0 0 0 0 0 0 0 0 0 0 0 0 0 0 0 0 0 0 0 0 0 0 0 0 0 0 0 0 0 0 0 0 0 0 0 0 0 0 0 0 0 0 0 0 0 126 0 0 0 0 113 0 0 0 0 111 0 110 0 125 0 0 0 0 132 0 0 0 11 0 0 48 49 8 113 0 0 0 111 0 0 0 0 0 0 11 61 62 0 0 0 0 127 127 0 0 0 0 0 0 0 0 0 0 0 0 0 0 0 0 0 8 123 0 0 112 0 0 0 0 127 110 125 0 0 0 0 0 113 0 0 0 0 0 0 0 0 112 0 111 0 0 0 0 0 0
0 0 0 0 0 0 0 0 0 0 11 124 0 125 0 0 0 0 0 0 0 0 0 0 0 0 0 0 0 0 0 0 0 0 0 0 0 0 0 0 0 0 0 0 0 0 0 0 8 48 49 0 0 0 0 0 111 127 0 0 110 0 0 0 0 0 0 0 0 0 0 0 0 0 0 61 62 0 11 11 0 8 125 125 126 0 0 0 0 125 0 127 8 0 0 0 110 0 126 112 0 0 0 0 0 0 0 0 0 0 0 0 0 0 0 48 49 0 8 0 11 123 126 0 8 0 0 0 0 0 0 0 0 112 48 49 0 0 0 0 0 0 0 0 0 0 0 0 0 0
0 0 0 0 0 0 0 0 0 0 0 48 49 0 0 0 0 0 0 0 0 0 0 0 0 0 0 0 0 0 0 0 0 0 0 0 0 0 0 0 0 0 0 0 0 0 0 0 0 61 62 0 11 0 126 124 0 0 0 0 0 0 0 0 0 0 0 0 0 0 0 112 0 0 125 0 0 0 11 0 48 49 0 48 49 0 0 124 0 48 49 0 0 0 0 0 110 0 0 0 0 0 0 0 0 0 0 0 0 0 0 0 0 0 8 61 62 0 0 48 49 0 48 49 0 113 0 0 0 0 0 0 0 0 61 62 0 0 0 110 123 126 127 0 0 0 0 0 0 0
0 0 0 0 0 0 111 0 0 0 0 61 62 137 0 0 0 0 0 0 0 0 0 0 0 0 0 0 0 0 0 0 0 0 0 0 0 0 0 0 0 0 0 0 0 0 0 8 0 0 0 0 0 123 48 49 127 0 0 0 0 0 0 0 0 0 0 0 0 0 0 0 0 0 0 124 0 0 0 0 61 62 8 61 62 0 0 0 0 61 62 0 48 49 0 0 0 0 127 124 124 0 0 0 0 0 0 0 0 0 0 0 0 8 0 125 0 0 125 61 62 0 61 62 0 125 0 48 49 0 0 125 0 0 11 113 111 0 111 11 0 0 0 0 0 0 0 0 0 0
0 0 0 0 0 0 0 123 110 0 0 0 0 0 0 0 0 0 0 0 0 0 0 0 0 0 0 0 0 0 0 0 0 134 0 124 0 0 0 0 0 0 0 0 0 0 0 0 0 125 0 11 0 0 61 62 0 0 0 0 0 0 0 0 0 0 0 0 0 0 0 0 0 0 0 11 0 110 0 0 0 127 0 0 127 0 0 0 125 0 0 127 61 62 0 0 0 0 125 0 0 0 0 0 0 0 0 0 0 0 0 112 126 0 112 0 125 110 0 11 0 0 0 0 0 11 0 61 62 126 0 0 0 0 0 0 112 124 0 0 0 0 0 0 0 0 0 0 0 0
0 0 0 0 0 0 0 0 0 113 0 0 0 124 0 0 0 0 0 0 0 0 0 0 0 0 0 0 0 0 125 0 0 0 0 0 0 0 0 0 0 0 0 0 0 0 0 126 0 111 0 0 0 0 135 0 0 0 0 0 0 0 0 0 0 0 0 0 0 0 0 0 0 0 0 0 125 0 127 126 0 0 0 0 0 0 0 0 0 0 0 0 0 135 127 0 0 0 123 11 0 0 0 8 0 0 0 0 0 0 0 0 8 0 0 0 0 0 0 0 0 0 0 0 0 0 0 0 0 11 110 0 0 0 48 49 0 0 0 0 0 0 0 0 0 0 0 0 0 0
0 0 0 0 0 0 0 0 0 0 111 0 0 0 0 0 0 0 0 0 0 0 0 0 0 0 0 0 0 0 0 124 0 0 123 0 0 0 110 0 0 0 0 0 0 0 0 0 11 0 0 0 111 0 0 113 0 0 0 0 0 0 0 0 0 0 0 0 0 0 0 0 0 0 0 8 137 0 0 0 125 0 0 0 0 0 0 0 0 0 0 0 0 0 0 0 0 48 49 0 124 0 0 0 0 0 0 0 0 11 124 0 113 125 0 0 0 0 0 132 0 0 0 0 0 0 0 0 0 0 0 110 125 0 61 62 0 0 0 0 0 0 0 0 0 0 0 0 0 0
0 0 0 0 0 0 0 0 0 0 0 0 111 0 0 0 0 0 0 0 0 0 0 0 0 0 0 0 0 0 0 0 0 0 0 0 0 0 113 0 0 0 0 0 0 0 0 0 0 0 124 0 0 0 112 0 0 0 125 0 0 0 0 0 0 0 0 0 0 0 0 0 0 0 0 0 110 0 124 0 0 0 0 0 0 0 0 0 0 0 0 113 0 0 0 0 125 61 62 0 0 0 0 0 111 0 113 0 113 0 0 0 127 113 0 135 0 126 126 0 0 124 0 0 0 0 0 0 0 11 0 0 0 110 0 0 124 0 0 0 0 0 0 0 0 0 0 0 0 0
0 0 0 0 0 0 0 0 0 124 136 0 0 0 0 0 0 0 0 0 0 0 0 0 0 0 0 0 0 0 0 0 113 111 0 0 124 0 0 111 0 0 0 0 124 0 0 0 0 112 0 0 0 0 0 0 8 0 0 110 111 0 0 0 0 0 0 0 0 0 0 0 0 0 0 0 0 0 112 48 49 124 0 0 0 0 0 0 0 0 0 0 0 0 0 0 0 0 0 0 0 0 126 0 0 0 0 0 0 0 0 11 0 125 0 0 0 0 124 0 112 0 0 0 0 0 0 0 0 0 0 0 111 0 126 111 0 0 0 0 0 0 0 0 0 0 0 0 0 0
0 0 0 0 0 0 0 0 0 11 0 0 0 0 0 0 0 0 0 0 0 0 0 0 0 0 0 0 0 0 127 0 0 48 49 0 0 0 0 0 11 0 0 0 137 0 0 124 0 0 0 0 0 11 0 0 0 0 0 0 0 0 0 0 0 0 0 0 0 0 0 0 0 0 0 0 0 0 0 61 62 0 0 0 0 0 0 0 0 0 0 0 0 0 0 0 111 125 0 112 111 0 0 0 0 0 0 0 0 0 0 0 0 0 0 0 0 0 0 0 0 0 0 0 0 0 0 0 0 0 0 113 0 0 0 0 0 0 0 0 0 0 0 0 0 0 0 0 0 0
0 0 0 0 0 0 0 0 110 48 49 0 113 0 0 0 0 0 0 0 0 0 0 0 0 0 0 0 0 0 0 0 0 61 62 0 0 0 0 0 0 0 0 0 113 124 0 0 0 0 0 0 0 0 0 0 0 0 111 0 0 0 0 0 0 0 0 0 0 0 0 0 0 0 0 0 0 8 112 0 0 124 0 0 0 0 0 0 0 0 0 0 0 0 0 0 123 125 0 125 0 125 0 0 0 0 0 0 123 0 0 0 8 112 0 0 0 0 125 0 0 0 0 0 0 0 0 0 0 0 0 0 0 0 0 0 0 0 0 0 0 0 0 0 0 0 0 0 0 0
0 0 0 0 0 0 0 0 0 61 62 0 8 0 0 0 0 0 0 0 0 0 0 0 0 0 0 0 0 8 0 0 0 0 0 0 0 112 0 113 0 0 113 112 48 49 123 0 0 0 0 0 0 0 0 0 0 133 0 0 0 0 0 0 0 0 0 0 0 0 0 0 0 0 0 0 111 0 124 113 127 0 0 0 0 0 0 0 0 0 0 0 0 0 0 0 0 0 0 0 0 0 0 0 0 0 0 0 0 0 0 0 0 0 0 0 0 0 0 0 0 0 0 0 0 0 0 0 0 0 0 0 0 0 0 0 0 0 0 0 0 0 0 0 0 0 0 0 0 0
0 0 0 0 0 0 0 0 0 0 0 0 0 0 0 0 0 0 0 0 0 0 0 0 0 0 0 0 136 0 0 0 0 0 0 0 0 0 0 0 0 0 0 124 61 62 0 0 0 0 0 0 111 0 111 0 0 126 0 0 0 0 0 111 0 0 0 0 0 0 0 0 0 0 0 0 0 0 0 0 111 0 0 0 0 0 0 0 0 0 0 0 0 0 0 0 0 0 0 0 0 0 0 0 0 0 0 0 0 0 125 0 127 0 0 0 0 0 0 0 0 0 0 0 0 0 0 0 0 0 0 0 0 0 0 0 0 0 0 0 0 0 0 0 0 0 0 0 0 110
0 0 0 0 0 0 0 0 0 0 0 48 49 111 0 0 0 0 0 0 0 0 0 0 0 0 0 0 0 126 124 0 111 126 0 0 0 0 0 0 0 0 0 127 11 0 0 48 49 123 0 0 0 125 126 0 0 0 0 0 0 0 0 0 0 0 0 0 0 0 0 0 123 48 49 0 8 0 0 126 0 11 136 0 0 0 0 0 0 0 0 0 0 0 0 0 0 0 0 0 0 0 0 0 0 0 0 0 0 8 0 126 0 0 0 0 0 0 0 0 0 0 0 0 0 0 0 0 0 0 0 0 0 0 0 0 0 0 0 0 0 0 0 0 0 0 0 137 0 0
0 0 0 0 0 0 0 0 110 0 112 61 62 11 0 0 0 0 0 0 0 0 0 0 0 0 0 0 0 137 0 0 0 0 0 0 0 0 0 0 0 0 0 0 0 0 125 61 62 8 0 0 0 11 0 0 0 0 0 0 0 0 0 0 0 0 0 0 0 0 0 0 0 61 62 0 0 0 0 0 0 0 0 0 0 0 0 0 0 0 0 0 0 0 0 0 0 0 0 0 0 0 0 0 0 0 0 111 0 113 48 49 0 0 0 0 0 0 0 0 0 0 0 0 0 0 0 0 0 0 0 0 0 0 0 0 0 0 0 0 0 0 0 0 0 0 0 123 0 0
0 0 0 0 0 0 0 0 0 11 0 0 0 112 0 0 0 0 0 0 0 0 0 0 0 0 0 0 0 0 0 0 0 0 0 0 0 0 0 0 0 0 0 0 0 0 0 0 0 0 0 0 0 126 0 0 0 0 0 0 0 0 0 0 0 0 0 0 0 113 124 0 0 0 0 0 0 48 49 0 0 0 110 0 0 0 0 0 0 0 0 0 0 0 0 0 0 0 0 0 0 0 0 0 0 0 0 0 0 0 61 62 0 0 0 0 0 0 0 0 0 0 0 0 0 0 0 0 0 0 0 0 0 0 0 0 0 0 0 0 0 0 0 0 0 0 0 0 0 0
0 0 0 0 0 0 124 0 127 0 0 0 124 0 0 0 0 0 0 0 0 0 0 0 0 0 110 0 0 0 0 0 0 0 0 0 0 0 0 0 0 0 0 0 0 0 127 0 11 113 125 0 0 0 0 0 0 0 0 0 0 0 0 0 0 0 0 0 8 48 49 110 0 0 0 111 0 61 62 125 0 0 0 127 0 0 0 0 0 0 0 0 0 0 0 0 0 0 0 0 0 0 0 0 0 0 0 125 124 124 0 0 0 0 0 0 0 0 0 0 0 0 0 0 0 0 0 0 0 0 0 0 0 0 0 0 0 0 0 0 127 112 0 0 0 0 125 0 0 0
0 0 0 0 0 0 0 0 113 0 0 0 48 49 126 0 0 0 0 0 0 0 0 0 8 0 0 0 0 0 0 0 0 0 0 0 0 0 0 0 0 0 0 0 0 0 0 0 0 123 0 11 0 123 0 0 0 0 0 0 0 0 0 0 0 0 110 0 0 61 62 0 0 11 0 0 0 0 0 0 133 0 112 110 0 123 0 0 0 0 0 0 0 0 0 0 0 0 0 0 0 0 0 0 0 0 0 0 125 0 0 125 0 123 0 0 0 0 0 0 0 0 0 0 0 0 0 0 0 0 0 0 0 0 0 0 0 11 0 125 0 0 0 0 0 0 124 0 0 0
0 0 0 0 0 8 123 0 0 0 0 0 61 62 0 124 0 0 0 111 0 0 0 0 0 0 8 0 0 0 0 0 0 0 0 0 0 0 0 0 0 0 0 0 0 0 0 0 110 123 0 0 0 0 0 0 0 0 0 0 0 0 0 0 0 0 8 0 112 0 111 0 0 11 0 0 0 124 0 0 0 0 0 0 110 0 0 0 0 0 0 0 0 0 0 0 0 0 0 0 0 0 0 0 0 0 0 0 0 0 0 113 0 0 0 0 0 0 0 0 0 0 0 0 0 0 0 0 0 0 0 0 0 0 0 0 0 0 0 0 0 0 8 0 0 0 11 110 0 0
0 0 0 0 0 11 0 0 111 0 0 0 0 0 112 0 0 0 0 11 112 48 49 0 11 0 126 111 0 0 0 0 0 0 0 0 0 0 0 0 0 0 0 0 0 0 0 0 11 126 111 0 123 110 0 0 0 0 0 0 0 0 0 0 0 0 0 0 127 0 0 127 0 11 0 124 0 0 113 126 0 0 124 0 125 0 0 0 0 0 0 0 0 0 0 0 0 0 0 0 0 0 0 0 0 0 0 0 0 48 49 124 0 0 0 0 0 0 0 0 0 0 0 0 123 0 0 0 0 0 0 0 0 0 0 0 0 0 0 0 0 8 0 0 0 0 0 0 0 0
0 0 0 0 0 123 134 0 0 123 0 0 110 0 0 0 0 0 0 0 0 61 62 0 0 8 125 0 0 0 0 0 0 0 0 0 0 0 0 0 0 0 0 0 0 0 0 0 113 0 48 49 0 0 0 0 0 0 0 0 0 0 0 0 127 124 0 0 11 124 0 0 0 0 0 0 0 0 111 0 0 0 0 0 0 0 135 0 0 0 0 0 0 0 0 0 0 0 0 0 0 0 0 0 0 0 0 0 0 61 62 110 0 0 0 0 0 0 0 0 0 0 0 112 127 0 112 0 0 0 0 0 0 0 0 0 125 0 0 0 0 0 0 0 48 49 0 0 112 0
0 0 0 0 110 111 0 0 0 0 0 0 125 0 11 0 0 0 0 0 0 0 0 0 0 0 0 0 0 0 0 0 0 0 0 0 0 0 0 0 0 0 0 0 0 0 0 112 11 0 61 62 127 0 124 0 0 0 0 0 0 0 0 11 112 0 0 0 0 0 11 0 0 0 126 126 11 126 0 0 0 0 0 0 123 0 127 0 0 0 0 0 0 0 0 0 0 0 0 0 0 0 0 0 0 0 11 0 0 0 0 0 48 49 0 0 0 0 0 0 0 0 0 0 0 0 113 111 0 0 0 0 0 0 0 0 0 0 0 0 0 0 0 0 61 62 0 0 110 0
0 0 0 0 0 0 125 0 0 0 0 0 0 0 0 0 0 0 0 0 0 111 0 48 49 126 126 0 123 0 0 0 0 0 0 0 0 0 0 0 0 0 0 0 0 127 48 49 0 0 0 110 110 125 126 0 0 0 0 0 0 124 0 111 0 0 0 0 0 0 0 0 0 0 0 0 0 0 0 0 0 0 112 0 0 0 0 110 124 0 0 0 0 0 0 0 0 0 0 0 0 0 0 0 0 0 0 11 48 49 0 0 61 62 125 127 0 0 0 0 0 0 0 0 132 0 0 0 0 0 0 0 0 0 0 0 0 0 0 0 0 0 0 11 0 123 0 0 0 112
0 8 0 0 0 0 123 0 125 0 0 111 0 0 0 0 0 0 0 0 0 0 0 61 62 0 48 49 0 0 0 0 0 0 0 0 0 0 0 0 0 0 0 0 111 0 61 62 125 0 48 49 0 0 0 0 8 0 126 0 0 0 0 124 0 0 123 0 0 0 0 0 0 0 0 0 0 0 124 123 137 0 0 0 0 134 48 49 0 0 0 0 0 0 0 0 0 0 0 0 0 0 0 0 0 0 0 0 61 62 0 0 125 0 0 0 0 0 0 0 0 0 0 126 0 126 0 112 0 0 0 0 0 0 0 0 0 0 0 0 0 0 0 0 111 0 0 0 0 0
0 0 0 0 123 0 0 0 0 126 0 0 0 0 0 0 0 0 0 0 0 0 126 124 123 0 61 62 113 0 0 0 0 0 0 0 0 0 0 0 0 0 0 0 123 127 0 0 0 0 61 62 0 8 0 0 112 0 48 49 8 0 111 110 0 0 113 124 0 0 0 0 0 0 0 0 0 0 0 0 11 0 127 0 123 0 61 62 0 0 0 0 0 0 0 0 0 0 0 0 0 0 0 0 0 0 0 0 0 0 113 0 0 0 0 0 0 0 0 0 0 0 125 0 8 113 0 0 0 0 0 0 0 0 0 0 0 0 0 123 112 0 0 0 0 0 0 0 0 123
0 0 0 0 0 124 0 123 127 0 11 0 0 0 0 0 0 0 0 0 0 0 125 0 0 0 0 0 0 0 0 0 0 0 0 0 0 0 0 0 0 0 0 126 0 0 0 0 127 0 0 0 0 0 0 0 136 0 61 62 0 0 0 0 0 0 0 0 0 0 0 0 0 0 0 0 0 0 0 0 0 0 127 0 0 0 0 0 0 113 0 111 0 0 0 0 0 0 0 0 0 0 0 0 0 0 0 0 0 0 127 8 0 0 0 0 0 0 0 0 0 0 0 0 0 0 0 0 0 0 0 0 0 0 0 0 0 0 0 134 124 0 110 0 113 0 123 0 0 0
0 0 0 0 126 0 0 0 0 0 0 0 0 0 0 0 0 0 0 0 0 0 0 0 0 0 0 0 0 0 0 0 0 0 0 0 0 0 0 0 0 0 0 0 111 0 0 0 0 8 126 124 0 0 0 125 127 0 0 0 0 11 0 48 49 0 0 0 0 0 0 0 0 0 0 0 0 0 0 0 0 0 0 0 0 110 0 0 48 49 0 0 0 0 0 0 0 0 0 0 0 0 0 0 0 113 0 0 112 0 125 0 123 0 0 0 124 0 0 0 0 0 0 0 124 0 0 0 0 0 0 0 0 0 0 0 0 0 0 0 0 0 0 0 0 0 0 0 0 0
0 0 0 0 0 112 0 0 124 0 0 0 0 0 0 0 0 0 0 0 0 0 0 0 125 123 113 0 110 0 0 0 0 0 0 0 0 0 0 0 0 127 0 0 0 0 0 0 0 0 0 0 0 0 125 0 0 11 0 113 0 0 0 61 62 0 0 0 0 0 0 0 0 0 0 0 0 0 0 0 0 0 0 0 0 0 123 111 61 62 0 125 125 125 0 0 0 0 0 0 0 0 0 0 0 113 0 0 11 0 0 0 0 0 0 0 125 0 0 0 0 0 0 0 0 0 0 0 0 0 0 0 0 0 0 0 0 0 0 0 0 0 0 0 125 0 0 111 0 125
0 0 127 0 126 0 0 0 113 0 0 0 0 0 0 0 0 0 0 0 0 0 0 0 123 0 0 0 125 0 127 0 0 0 0 0 0 0 0 0 126 112 0 0 0 0 0 0 0 0 0 0 112 0 0 125 0 0 0 0 0 0 0 0 0 0 0 0 0 0 0 0 0 0 0 0 0 0 0 0 0 0 0 0 0 0 0 0 113 0 0 0 11 0 0 0 0 0 0 0 0 0 0 0 0 123 0 8 0 0 0 0 0 0 0 0 0 0 0 0 0 0 0 0 0 0 0 0 0 0 0 0 0 0 0 0 0 0 0 8 48 49 126 8 113 0 126 0 8 0
0 0 0 124 8 126 0 0 0 0 0 0 0 0 0 0 0 0 0 0 0 0 0 127 0 126 123 0 0 113 0 112 0 0 0 0 0 0 0 0 0 110 125 0 0 0 112 0 0 0 0 0 0 0 0 112 0 0 0 0 112 0 0 0 0 0 0 0 0 0 0 0 0 0 0 0 0 0 0 0 0 0 0 0 0 0 0 0 0 0 0 0 0 0 110 110 0 0 0 0 0 0 0 0 0 0 48 49 0 0 48 49 0 0 0 0 0 0 0 0 0 0 0 0 0 0 0 0 0 0 0 0 0 0 0 0 0 0 0 126 61 62 0 123 0 0 0 0 113 113
134 127 0 0 0 0 0 127 0 0 0 0 0 0 0 0 0 0 0 0 0 0 0 0 123 0 0 0 0 0 0 0 0 0 0 0 0 0 0 0 8 0 124 0 11 48 49 0 0 0 0 0 0 0 0 0 112 0 0 0 0 0 126 0 135 0 0 0 0 0 0 0 0 0 0 0 0 0 0 0 0 0 0 0 0 0 0 0 0 0 0 0 0 0 0 0 0 0 0 0 0 0 0 126 0 124 61 62 0 0 61 62 0 0 125 0 0 112 0 0 0 0 0 0 0 0 0 0 0 0 0 0 0 0 0 0 0 0 0 0 0 0 0 0 48 49 0 0 112 0
0 0 0 0 0 0 0 0 0 0 0 0 0 0 0 0 0 0 0 0 0 0 0 0 0 0 0 126 110 126 126 135 0 0 0 0 0 0 0 0 0 0 111 0 0 61 62 0 0 0 0 0 0 0 112 133 0 0 0 0 0 113 0 0 0 0 110 0 0 0 0 0 0 0 0 0 0 0 0 0 0 0 0 0 0 0 0 0 0 0 0 0 127 0 0 0 8 0 0 0 0 0 0 0 0 0 0 0 11 0 0 0 110 0 0 0 0 0 0 0 0 0 0 0 0 0 0 0 0 0 0 0 0 0 0 0 0 0 0 0 0 0 0 111 61 62 0 126 0 0
133 11 0 0 0 124 0 0 0 127 0 0 0 0 0 0 0 0 0 0 0 0 0 0 0 124 0 124 134 0 125 110 0 0 0 0 0 0 0 110 0 0 0 112 0 8 0 0 0 0 110 48 49 8 123 123 0 0 0 0 0 0 0 0 0 0 113 0 0 0 0 0 0 0 0 0 0 0 0 0 0 0 0 0 0 0 0 0 0 112 0 126 123 113 111 0 113 112 0 0 0 0 0 0 0 0 0 0 125 0 125 0 0 124 0 0 110 0 0 0 0 0 0 0 0 0 0 0 0 0 0 0 0 0 0 0 0 0 0 0 0 123 8 0 113 0 0 0 0 124
110 8 0 0 0 0 0 0 0 0 0 124 0 0 0 0 0 0 0 0 0 0 0 0 0 0 0 0 0 123 123 0 0 0 0 0 0 0 0 0 0 0 123 0 0 113 0 11 48 49 0 61 62 0 0 0 0 0 0 0 0 0 0 0 0 0 0 0 125 0 0 0 0 0 0 0 0 0 0 0 0 0 0 0 0 0 0 0 0 0 0 0 123 0 0 111 0 0 0 0 0 0 0 8 0 0 0 0 0 0 0 0 48 49 0 134 0 0 0 0 0 0 0 0 0 0 0 0 0 0 0 0 0 0 0 0 0 0 0 0 0 0 0 0 0 0 48 49 0 0
0 110 0 0 125 0 0 0 0 0 11 0 0 0 0 0 0 0 0 0 0 0 0 0 0 0 123 123 0 0 0 0 0 0 0 0 0 0 0 0 0 0 0 0 8 0 127 0 61 62 110 0 11 0 0 0 123 0 0 0 0 0 0 0 0 0 0 0 0 0 0 0 0 0 0 0 0 0 0 0 0 0 0 0 0 0 0 0 0 0 0 0 0 0 123 0 0 0 0 0 0 0 0 0 0 11 113 0 0 126 0 0 61 62 0 0 0 0 0 0 0 0 0 0 0 0 0 0 0 0 0 0 0 0 0 0 0 125 132 48 49 113 0 0 0 0 61 62 0 0
0 0 0 0 113 48 49 113 0 0 0 0 0 0 0 0 0 0 0 0 0 0 0 0 0 0 0 0 0 123 0 0 0 0 0 0 0 0 0 0 0 0 0 0 0 8 0 0 125 113 0 0 0 0 0 0 0 0 0 0 0 0 0 0 0 0 0 0 127 0 0 0 0 0 0 0 0 0 0 0 0 0 0 0 0 0 0 0 0 0 0 0 0 0 0 11 0 0 0 0 0 0 0 0 0 0 0 0 110 0 0 0 0 0 0 0 0 0 125 0 0 0 0 0 0 0 0 0 0 0 0 0 0 0 0 126 0 0 0 61 62 0 0 123 0 0 0 0 0 0
0 0 0 0 123 61 62 0 0 48 49 125 0 0 0 0 0 0 0 0 0 0 0 0 0 0 11 0 0 0 0 0 0 0 0 0 0 0 0 0 0 0 0 0 0 113 0 0 0 0 0 0 0 124 11 0 124 0 0 0 0 0 0 0 0 0 112 0 0 126 0 8 0 11 0 0 0 0 0 0 0 0 0 0 0 0 0 0 0 0 0 0 125 48 49 0 0 0 0 0 0 0 0 0 0 0 0 0 125 0 0 0 0 0 0 0 0 0 0 113 0 0 0 0 0 0 0 0 0 0 0 0 0 0 0 125 0 0 0 0 0 0 0 111 0 8 48 49 0 0
0 0 0 0 0 111 112 112 0 61 62 125 0 0 0 0 0 0 0 0 0 0 0 0 0 0 8 0 124 0 0 0 0 0 0 0 0 0 0 0 0 0 0 0 0 0 0 0 0 0 48 49 0 134 126 0 0 0 0 0 0 0 0 0 0 124 111 0 0 0 112 48 49 112 0 0 0 0 0 0 0 0 0 0 0 0 0 0 0 0 0 0 0 61 62 0 0 0 0 0 0 0 0 0 0 0 0 123 126 0 132 0 137 0 0 0 0 0 0 0 0 0 0 0 0 0 0 0 0 0 0 0 0 0 0 0 0 0 0 0 125 0 0 0 111 0 61 62 110 0
0 0 0 0 0 0 112 126 0 8 0 8 0 124 0 0 0 0 0 0 0 0 0 0 0 0 127 125 0 0 0 0 0 0 0 0 0 0 0 0 0 0 0 0 0 0 0 0 0 0 61 62 0 0 111 0 113 110 0 0 0 0 0 0 123 0 48 49 110 110 0 61 62 0 0 0 0 0 0 0 0 0 0 0 0 0 0 0 0 0 0 0 0 0 0 0 0 0 0 0 0 0 0 0 0 0 0 0 126 0 0 0 0 11 0 0 0 0 48 49 123 0 0 0 0 0 0 0 0 0 0 0 0 0 0 0 0 0 0 0 0 0 0 0 0 0 0 0 0 0
0 0 0 11 136 0 0 0 0 48 49 11 0 0 0 0 0 0 0 0 0 0 0 0 0 0 0 0 0 0 0 0 0 0 0 0 0 0 0 0 0 0 0 0 0 0 0 0 0 113 0 8 0 8 0 0 0 0 125 0 110 0 0 123 125 0 61 62 0 0 0 0 0 0 0 0 0 0 0 0 0 0 0 0 0 0 0 0 0 0 0 0 125 0 124 0 0 0 0 0 0 0 0 0 0 0 0 0 0 0 0 0 0 0 0 0 124 0 61 62 113 112 0 0 0 0 0 0 0 0 0 0 0 0 0 0 0 0 0 0 0 125 0 48 49 0 48 49 111 0
0 0 0 0 110 0 0 0 0 61 62 0 0 0 0 0 0 0 0 0 0 0 0 0 0 0 0 0 0 0 0 0 0 0 0 0 0 0 0 0 0 0 0 0 0 0 0 0 0 0 0 0 0 0 0 126 0 0 113 0 0 0 0 0 0 0 0 132 0 0 137 0 0 0 111 0 0 127 0 0 0 0 0 0 0 0 0 0 0 0 0 0 0 0 0 0 0 0 0 0 0 0 0 0 0 0 0 112 0 0 125 0 0 0 126 0 0 0 0 0 0 0 0 0 0 0 0 0 0 0 0 0 0 0 0 0 0 0 0 0 0 113 0 61 62 124 61 62 0 110
0 0 0 8 0 111 0 0 110 0 0 0 0 0 111 0 0 0 0 0 0 0 0 0 0 0 0 0 0 0 0 0 0 0 0 0 0 0 0 0 0 0 0 0 0 0 0 0 0 0 0 0 0 0 0 0 112 0 0 0 126 8 127 0 125 110 0 0 0 123 0 48 49 0 0 0 0 0 0 0 0 0 0 0 0 0 0 0 0 0 0 0 0 0 0 0 0 0 0 0 0 0 0 0 0 0 0 0 0 135 48 49 0 0 0 0 0 0 0 11 124 124 0 0 0 0 0 0 0 0 0 0 0 0 0 0 0 0 0 0 0 0 0 124 0 0 0 0 0 0
0 0 0 0 0 135 0 0 0 0 113 0 0 0 0 0 0 0 0 0 0 0 0 0 0 0 0 0 0 0 0 0 0 0 0 0 0 0 0 0 0 0 0 0 0 0 0 0 0 0 0 0 0 0 48 49 0 112 112 0 112 112 0 0 11 124 0 0 0 0 0 61 62 0 0 0 0 0 0 0 0 0 0 0 0 0 0 0 0 0 0 0 0 0 127 0 0 0 0 0 0 0 0 0 0 0 0 0 11 123 61 62 8 0 0 0 0 124 0 126 127 126 110 0 0 0 0 0 0 0 0 0 0 0 0 0 0 0 0 0 0 0 0 0 0 0 0 8 0 0
0 0 0 0 0 0 0 0 0 0 0 0 0 0 0 0 0 0 0 0 0 0 0 0 0 0 0 0 0 0 0 0 0 0 0 0 0 0 0 0 0 0 0 0 0 0 0 0 0 0 0 126 126 0 61 62 123 0 0 0 0 0 0 48 49 0 123 11 0 0 0 0 111 0 125 0 110 126 0 0 0 0 0 0 0 0 0 0 0 0 0 0 0 0 0 0 0 0 0 0 0 0 0 0 0 0 0 0 111 0 0 124 123 0 0 0 48 49 0 0 123 111 0 111 0 0 0 0 0 0 0 0 0 0 0 0 0 0 0 0 0 0 0 0 0 0 0 0 0 0
0 0 0 0 0 0 0 0 127 8 123 0 125 0 0 0 0 0 0 0 0 0 0 0 0 0 0 0 0 0 0 0 0 0 0 0 0 0 0 0 0 0 0 0 0 0 0 0 0 0 125 0 0 113 111 0 127 0 0 0 135 0 0 61 62 0 0 0 48 49 127 48 49 135 110 0 8 0 0 0 0 0 0 0 0 0 0 0 0 0 0 0 0 0 0 0 0 0 0 0 0 0 0 0 0 0 0 0 111 0 0 0 0 0 0 0 61 62 113 0 0 0 0 48 49 0 0 0 127 0 11 0 0 124 0 0 0 0 0 0 0 0 0 0 0 0 0 0 0 0
0 0 0 0 0 0 0 0 0 0 0 0 0 111 136 0 0 0 123 0 0 0 0 0 0 0 0 0 0 0 0 0 0 0 0 0 0 0 0 0 0 0 0 0 0 0 0 0 0 0 112 111 0 0 0 0 0 126 0 48 49 0 0 0 0 125 11 125 61 62 0 61 62 0 0 127 0 0 0 0 0 0 0 0 0 0 0 0 0 0 0 0 0 0 0 0 0 0 0 0 135 111 0 0 0 8 111 0 0 0 0 0 0 0 0 0 0 0 0 0 0 0 0 61 62 0 0 8 0 0 125 48 49 0 0 124 0 0 0 0 0 0 0 0 0 0 0 0 0 0
0 0 0 0 0 0 0 0 0 0 0 0 0 112 111 0 0 0 0 0 0 127 0 0 0 0 0 0 0 0 0 0 0 0 0 0 0 0 0 0 0 0 0 0 0 0 0 0 0 134 0 0 0 0 0 123 0 0 123 61 62 0 0 0 124 0 0 123 0 11 126 0 0 0 0 0 0 0 0 0 0 0 0 0 0 0 0 0 0 0 0 0 0 0 0 0 0 0 0 0 0 0 0 0 8 0 0 0 0 113 0 0 0 0 0 0 0 0 0 0 0 0 0 0 0 134 126 0 0 0 113 61 62 0 0 0 113 0 0 0 0 0 0 0 0 0 0 0 0 0
0 0 0 0 0 0 0 0 0 0 0 0 0 113 0 0 0 0 0 0 0 0 127 0 0 0 0 0 0 0 0 0 0 0 0 0 0 0 0 0 0 0 0 0 0 0 0 0 112 8 0 0 111 0 0 48 49 11 0 0 134 0 110 127 0 0 113 0 0 0 123 0 11 127 0 0 0 0 0 0 133 0 0 0 0 0 0 0 0 0 0 0 0 0 0 0 11 0 0 0 123 0 0 0 124 111 123 113 0 0 0 0 0 0 0 0 0 0 0 0 0 112 0 0 0 0 0 110 0 0 0 0 0 0 125 0 0 0 0 0 0 0 0 0 0 0 0 0 0 0
0 0 0 0 0 0 0 0 0 0 0 0 0 0 0 0 0 0 0 0 0 113 0 0 0 0 0 0 0 0 0 0 0 0 0 0 0 0 0 0 0 0 0 0 0 0 0 0 0 0 0 0 8 0 8 61 62 0 48 49 123 0 112 0 0 0 0 8 0 0 0 0 0 123 48 49 0 0 11 0 0 0 0 0 0 0 0 0 0 0 0 0 0 0 0 0 0 111 0 124 11 0 0 0 48 49 126 0 0 0 0 0 0 0 0 0 0 0 0 0 0 0 0 0 0 0 0 0 0 0 127 0 0 8 126 0 0 0 0 0 0 0 0 0 0 0 0 0 0 0
0 0 0 0 0 0 0 0 0 0 0 0 0 0 0 48 49 0 126 0 0 0 0 0 126 0 0 0 0 0 0 0 0 0 0 0 0 0 0 0 0 0 0 0 0 0 0 0 0 0 0 0 0 126 0 0 0 0 61 62 123 0 0 127 0 0 0 0 0 0 0 0 123 0 61 62 0 0 0 123 0 0 0 0 0 0 0 0 0 0 0 0 0 0 0 0 0 0 110 0 0 0 0 0 61 62 0 0 0 0 0 0 0 0 0 0 0 0 0 0 0 0 0 0 0 0 0 0 111 8 0 0 0 0 0 0 0 0 0 0 0 0 0 0 0 0 0 0 0 0
0 0 0 0 0 0 0 0 0 0 0 0 0 0 0 61 62 0 0 111 0 0 0 0 0 0 0 0 0 0 0 0 0 0 0 0 0 0 0 0 0 0 0 0 0 0 0 0 0 0 0 8 0 0 0 0 0 0 8 0 111 123 0 0 0 0 0 0 0 0 0 125 0 0 0 123 11 123 0 0 0 0 0 0 0 0 0 0 0 0 0 0 0 0 0 0 0 0 0 0 0 0 0 0 0 0 0 111 0 0 0 0 0 0 0 0 0 0 0 0 0 0 0 132 127 0 137 113 0 0 0 113 0 0 0 0 0 0 0 0 0 0 0 0 0 0 0 0 0 0
0 0 0 0 0 0 0 0 0 0 0 0 0 0 0 0 0 0 0 0 0 0 0 0 112 0 0 0 0 0 0 0 0 0 0 0 0 0 0 0 0 0 0 0 0 11 110 0 0 126 0 0 0 0 0 0 0 110 0 0 8 0 0 0 0 0 0 0 0 0 0 0 0 123 8 0 0 0 0 0 0 0 0 0 0 0 0 0 0 0 0 0 0 0 0 0 0 0 0 0 0 126 0 0 125 0 0 0 0 0 0 0 0 0 0 0 0 0 0 0 0 0 0 0 113 0 0 0 0 110 124 8 125 0 0 0 0 0 0 0 0 0 0 0 0 0 0 0 0 0
0 0 0 0 0 0 0 0 0 0 0 0 0 0 0 0 0 111 0 0 0 0 0 0 126 0 0 0 0 0 0 0 0 0 0 0 0 0 0 0 0 0 0 0 0 110 124 0 0 0 8 48 49 0 137 0 0 0 113 0 127 0 0 0 0 0 0 0 0 0 0 0 0 132 0 0 0 0 0 0 0 0 0 0 0 0 0 0 0 0 0 0 0 0 0 0 11 0 0 0 0 0 0 111 0 127 111 0 0 0 0 0 0 0 0 0 0 0 0 0 0 0 0 0 11 0 123 0 0 0 0 0 123 0 0 0 123 0 0 0 0 0 0 0 0 0 0 0 0 0
0 0 0 0 0 0 0 0 0 0 0 0 0 0 0 0 8 0 0 111 0 125 11 0 0 11 0 8 0 0 0 0 0 0 0 0 0 0 0 0 0 0 0 0 0 124 0 0 0 0 124 61 62 127 48 49 110 126 0 0 0 0 0 0 0 0 0 0 0 0 0 0 0 0 0 0 0 0 0 0 0 0 0 0 0 0 0 0 0 0 0 0 0 0 0 0 0 48 49 123 0 127 0 0 0 0 0 0 0 0 0 0 0 0 0 0 0 0 0 0 0 0 127 48 49 0 0 0 125 0 0 0 0 0 125 125 0 0 0 0 0 0 0 0 0 0 0 0 0 0
0 0 0 0 0 0 0 0 0 0 0 0 0 0 0 0 0 110 0 0 0 0 112 0 0 134 48 49 123 0 0 0 0 0 0 0 0 0 0 0 0 0 0 0 0 8 0 112 126 0 125 0 0 0 61 62 0 0 0 0 0 0 0 0 0 0 0 0 0 0 0 0 0 0 0 0 0 0 0 0 0 0 0 0 0 0 0 0 0 0 0 0 0 0 123 0 0 61 62 0 0 0 0 113 0 0 0 0 0 0 0 0 0 0 0 0 0 0 0 0 0 0 137 61 62 0 0 113 112 0 0 0 110 0 11 0 0 0 0 0 0 0 0 0 0 0 0 0 0 0
0 0 0 0 0 0 0 0 0 0 0 0 0 0 125 110 0 0 0 0 111 0 0 48 49 125 61 62 11 0 124 0 125 0 0 0 0 0 0 0 0 0 0 0 0 0 0 0 0 0 0 0 11 124 0 0 0 0 0 0 0 0 0 0 0 0 0 0 0 0 0 0 0 0 0 0 0 0 0 0 0 0 0 0 0 0 0 127 0 0 123 0 0 0 0 0 112 0 0 0 0 124 0 0 0 0 0 0 0 0 0 0 0 0 0 0 0 0 0 0 0 0 112 0 0 112 0 0 126 8 0 0 126 11 0 0 0 0 0 0 0 0 0 0 0 0 0 0 0 0
0 0 0 0 0 0 0 0 0 0 0 0 0 0 0 0 110 0 0 0 0 0 0 61 62 125 8 0 0 123 8 0 134 0 0 0 0 0 0 0 0 0 0 0 0 48 49 0 0 0 123 0 0 127 8 112 0 0 0 0 0 0 0 0 0 0 0 0 0 0 0 0 0 0 0 0 0 0 0 0 0 0 0 0 0 0 126 0 0 0 0 8 0 0 0 8 0 111 0 0 0 0 0 0 0 0 0 0 0 0 0 0 0 0 0 0 0 0 0 0 0 0 0 110 0 0 0 0 0 0 110 0 0 0 0 0 0 0 0 0 0 0 0 0 0 0 0 0 0 0
0 0 0 0 0 0 0 0 0 0 0 0 0 0 0 0 0 0 110 0 0 0 127 113 0 111 125 48 49 0 110 0 0 112 126 0 0 0 0 0 0 0 0 0 0 61 62 0 0 11 48 49 0 113 0 0 0 0 0 0 0 0 0 0 0 0 0 0 0 0 0 0 0 0 0 0 0 0 0 0 0 0 0 0 0 8 0 0 48 49 124 0 0 0 0 0 0 126 0 124 0 11 0 0 0 0 0 0 0 0 0 0 0 0 0 0 0 0 0 0 0 0 124 0 0 0 0 111 0 0 48 49 126 0 0 0 0 0 0 0 0 0 0 0 0 0 0 0 0 0
0 0 0 0 0 0 0 0 0 0 0 0 0 0 0 0 0 48 49 0 0 48 49 0 0 0 0 61 62 8 125 0 123 0 124 0 0 0 0 0 0 11 0 124 0 0 0 0 0 0 61 62 0 8 0 0 0 0 0 0 0 0 0 0 0 0 0 0 0 0 0 0 0 0 0 0 0 0 0 0 0 0 0 0 0 0 0 0 61 62 0 0 0 0 0 0 123 0 0 0 0 0 135 0 0 0 0 0 0 0 0 0 0 0 0 0 0 0 0 0 0 0 0 125 0 0 0 0 0 0 61 62 126 0 0 0 0 0 0 0 0 0 0 0 0 0 0 0 0 0
0 0 0 0 0 0 0 0 0 0 0 0 0 0 0 0 0 61 62 0 112 61 62 0 0 0 0 113 0 0 125 0 0 113 0 11 0 0 0 0 0 0 0 0 0 48 49 0 0 0 0 0 0 0 0 0 0 0 0 0 0 0 0 0 0 0 0 0 0 0 0 0 0 0 0 0 0 0 0 0 0 0 0 0 0 0 124 0 0 0 0 0 111 125 0 11 0 0 110 0 0 0 0 0 0 0 0 0 0 0 0 0 0 0 0 0 0 0 0 0 0 0 0 0 0 0 0 0 126 0 126 0 0 0 0 0 0 0 0 0 0 0 0 0 0 0 0 0 0 0
0 0 0 0 0 0 0 0 0 0 0 0 0 0 0 0 0 0 0 113 0 0 113 0 0 0 0 125 0 0 0 0 0 126 0 0 125 0 0 0 0 0 48 49 132 61 62 0 111 0 0 0 0 0 0 0 0 0 0 0 0 0 0 0 0 0 0 0 0 0 0 0 0 0 0 0 0 0 0 0 0 0 0 0 0 0 0 0 0 124 0 0 0 0 0 0 113 0 0 8 8 0 0 0 0 0 0 0 0 0 0 0 0 0 0 0 0 0 0 0 0 0 0 0 0 0 0 0 0 0 0 0 0 0 0 0 0 0 0 0 0 0 0 0 0 0 0 8 0 8
0 0 0 0 0 0 0 0 0 0 0 0 0 0 0 0 0 0 48 49 0 0 0 0 0 0 48 49 0 0 0 8 0 0 0 0 8 0 0 0 0 0 61 62 0 0 134 0 125 0 0 0 0 0 134 0 0 0 0 0 0 0 0 0 0 0 0 0 0 0 0 0 0 0 0 0 0 0 0 0 0 0 0 0 0 0 0 0 0 0 113 0 0 0 48 49 0 0 0 0 0 0 0 0 0 0 0 0 0 0 0 0 0 0 0 0 0 0 0 0 0 0 0 0 0 0 0 0 0 0 0 0 0 0 0 0 0 0 0 0 0 0 0 0 0 0 0 112 0 0
0 0 0 0 0 0 0 0 0 0 0 0 0 0 0 0 0 0 61 62 0 0 0 0 123 110 61 62 0 0 0 0 0 11 0 0 0 0 126 0 0 0 123 0 0 0 0 0 0 0 11 0 0 0 0 0 0 0 0 0 0 0 0 0 0 0 0 0 0 0 0 0 0 0 0 0 0 0 0 0 0 0 0 0 0 0 0 0 0 0 0 127 0 0 61 62 0 0 0 48 49 0 0 0 0 0 0 0 0 0 0 0 0 0 0 0 0 0 0 0 0 0 0 0 0 0 0 0 0 0 0 0 0 0 0 0 0 0 0 0 0 0 0 0 126 0 0 126 0 0
0 0 0 0 0 0 0 0 0 0 0 0 0 0 0 0 0 0 0 0 8 0 0 0 0 0 0 0 0 0 0 0 0 0 0 0 0 0 0 0 0 0 0 123 0 124 0 48 49 0 0 126 127 0 0 0 0 0 0 0 0 0 0 0 0 0 0 0 0 0 0 0 0 0 0 0 0 0 0 0 0 0 0 0 0 0 0 0 0 0 112 0 124 0 110 0 0 0 0 61 62 0 124 0 0 0 0 0 0 0 0 0 0 0 0 0 0 0 0 0 0 0 0 0 0 0 0 0 0 0 0 0 0 0 0 0 0 0 0 0 0 0 123 0 0 0 0 110 8 0
0 0 0 0 0 0 0 0 0 0 0 0 0 0 0 0 0 0 0 0 125 135 0 0 112 11 0 0 0 8 110 0 0 0 0 0 0 127 123 0 112 0 0 0 0 0 0 61 62 0 125 0 0 0 0 0 0 0 0 0 0 0 0 0 0 0 0 0 0 0 0 0 0 0 0 0 0 0 0 0 0 0 0 0 0 0 0 0 0 0 0 123 0 8 0 127 0 0 0 110 0 125 0 0 0 0 0 0 0 0 0 0 0 0 0 0 0 0 0 0 0 0 0 0 0 0 0 0 0 0 0 0 0 0 0 0 0 0 0 11 0 0 0 0 0 0 0 123 0 0
0 0 0 0 0 0 0 0 0 0 0 0 0 0 0 0 0 0 0 126 123 0 112 48 49 0 0 0 0 0 0 0 0 0 0 0 0 0 0 0 111 112 0 0 0 126 0 0 124 0 0 0 0 0 0 0 0 0 0 0 0 0 0 0 0 0 0 0 0 0 0 0 0 0 0 0 0 0 0 0 0 0 0 0 0 0 0 0 0 0 110 0 124 0 0 0 0 0 0 0 0 125 0 0 0 0 0 0 0 0 0 0 0 137 0 111 127 0 0 0 0 0 0 0 0 0 0 0 0 0 0 0 0 0 0 0 0 0 123 0 0 0 0 124 0 0 0 125 0 0
0 0 0 0 0 0 0 0 0 0 0 0 0 0 0 0 0 0 0 123 0 0 126 61 62 11 123 0 127 0 0 0 0 0 0 0 0 0 0 0 11 0 110 0 112 0 0 0 0 0 8 0 0 0 0 123 0 0 0 0 0 0 0 0 0 0 0 0 0 0 0 0 0 0 0 0 0 0 0 0 0 0 0 0 0 0 0 0 0 0 0 0 0 111 0 48 49 113 0 127 0 0 124 0 0 0 0 0 0 0 0 0 110 0 0 0 0 0 125 0 0 0 0 0 0 0 0 0 0 0 0 0 0 0 0 0 0 126 48 49 0 0 0 0 124 0 0 113 0 8
124 125 0 0 0 0 0 0 0 0 0 0 0 0 0 0 0 11 0 126 0 0 124 0 0 0 0 113 0 0 0 0 0 0 0 0 0 0 0 0 0 0 0 0 11 0 0 8 0 113 125 110 0 0 127 111 0 0 0 0 0 0 0 0 0 0 0 0 0 0 0 0 0 0 0 0 0 0 0 0 0 0 0 0 0 0 0 0 0 0 0 0 0 0 110 61 62 0 113 0 126 111 0 0 0 0 0 0 0 0 0 0 0 0 0 127 0 11 0 0 0 0 0 0 0 0 0 0 0 0 0 0 0 0 0 0 0 0 61 62 0 0 0 112 0 0 0 0 126 125
0 127 0 8 0 0 0 0 0 0 0 0 0 0 0 125 113 0 0 113 0 0 0 112 0 0 0 8 0 0 0 0 0 0 0 0 0 0 0 0 0 0 0 0 0 0 0 0 0 123 0 0 0 0 0 0 0 136 0 0 0 0 0 0 0 0 0 0 0 0 0 0 0 0 0 0 0 0 125 0 0 0 0 0 0 0 0 0 0 0 0 0 0 0 0 0 0 8 0 112 0 0 0 126 125 133 0 0 0 127 0 111 0 0 0 0 0 0 0 112 0 0 0 0 0 0 0 0 0 0 0 0 0 0 0 0 0 0 0 0 0 48 49 0 0 112 0 0 0 0
0 125 0 0 110 0 0 0 0 0 0 0 0 0 0 48 49 0 11 0 113 0 0 0 11 0 0 0 123 0 0 0 0 0 0 0 0 0 0 0 0 0 0 0 0 0 0 0 0 0 0 112 0 0 0 0 0 0 0 0 0 0 0 0 0 0 0 0 0 0 0 0 0 0 0 127 0 0 11 0 0 0 0 0 0 0 0 0 0 0 0 111 127 8 0 111 0 110 123 124 123 0 0 0 0 0 0 0 0 126 125 0 11 0 0 0 0 0 126 0 0 113 0 0 0 0 0 0 0 0 0 0 0 0 0 0 0 127 126 123 127 61 62 0 127 0 0 0 125 0
0 0 127 125 126 113 0 0 0 0 0 0 0 0 11 61 62 0 0 110 0 0 0 0 0 0 0 124 0 0 0 0 0 0 0 0 0 0 0 0 0 0 0 0 0 0 0 0 0 0 0 0 0 0 0 111 0 125 124 0 0 111 0 0 0 0 0 0 0 0 0 0 0 0 111 0 0 0 0 0 0 0 0 0 0 0 0 0 0 0 0 0 113 0 0 123 127 0 111 0 0 0 0 126 0 0 0 0 0 111 0 110 112 0 0 0 111 0 133 0 124 0 0 0 0 0 0 0 0 0 0 0 0 0 0 0 0 0 0 0 0 0 125 0 0 0 0 0 0 0
0 0 0 125 125 127 0 0 11 112 111 0 123 0 0 11 0 0 0 0 48 49 0 0 0 0 0 0 0 0 0 0 0 0 0 0 0 0 0 0 0 0 0 0 0 0 0 0 0 0 0 0 0 0 0 0 125 0 0 0 0 0 0 0 0 0 0 0 0 0 0 0 0 0 0 11 0 11 0 124 0 0 0 0 0 0 0 0 0 0 0 0 0 0 0 8 0 0 8 0 0 0 0 0 0 0 0 0 0 0 0 0 113 0 0 0 0 111 124 0 0 0 0 0 0 0 0 0 0 0 0 0 0 0 0 0 0 0 0 0 124 0 0 123 0 0 0 0 0 0
0 0 0 0 0 0 0 0 0 0 0 0 0 113 0 0 0 124 0 127 61 62 0 0 11 113 0 0 0 0 0 0 0 0 0 0 0 0 0 0 0 0 0 0 0 0 0 0 0 0 0 0 11 113 0 124 0 0 0 0 0 48 49 124 0 0 0 0 0 0 0 0 0 0 110 0 0 0 0 126 0 0 0 0 0 0 0 0 0 0 124 0 0 0 0 125 0 110 0 11 0 0 0 0 111 0 0 0 0 11 0 0 124 0 0 0 0 0 0 0 0 48 49 0 0 0 0 0 0 0 0 0 0 0 0 0 0 0 0 0 124 0 124 127 0 0 0 0 0 0
0 0 48 49 111 0 126 0 123 0 11 0 0 123 0 127 8 0 0 0 0 0 0 0 0 0 0 0 0 0 0 0 0 0 0 0 0 0 0 0 0 0 0 0 0 0 0 0 0 0 0 0 0 112 0 0 123 125 0 0 0 61 62 0 0 0 0 0 0 0 0 0 0 111 0 113 0 123 11 0 0 0 0 0 0 0 0 0 0 0 0 8 0 0 0 0 0 0 0 0 0 113 125 124 0 0 0 0 0 0 0 0 0 0 0 0 0 0 11 0 113 61 62 113 8 0 0 0 0 0 0 0 0 0 0 0 0 0 0 0 0 0 0 0 8 0 0 0 126 0
0 111 61 62 0 127 0 112 0 11 0 0 0 0 0 0 8 0 110 0 0 0 0 0 0 11 113 0 0 0 0 0 0 0 0 0 0 0 0 0 0 0 0 0 0 0 0 0 0 0 0 0 0 0 0 125 0 0 125 0 8 124 0 124 0 0 0 124 0 0 0 0 0 0 0 0 0 0 0 0 0 0 0 0 0 0 0 0 0 127 0 110 48 49 0 0 111 123 0 11 137 0 0 0 0 0 0 0 0 0 0 0 0 0 111 0 0 0 0 0 123 0 0 0 0 0 0 11 0 0 0 0 0 0 0 0 0 0 0 0 0 0 0 0 0 111 0 0 0 0
113 0 125 0 0 0 0 0 0 0 0 8 0 126 0 0 0 127 48 49 125 8 124 0 0 112 0 8 0 0 0 0 0 0 0 0 0 0 0 0 0 0 0 0 0 0 0 0 0 0 0 0 0 0 126 0 0 11 0 127 127 0 0 8 0 0 0 127 123 0 0 112 0 0 0 0 0 0 0 0 0 0 0 0 0 0 0 110 0 123 0 0 61 62 0 0 111 110 112 0 0 127 135 0 0 0 0 0 0 0 0 0 0 0 0 48 49 0 0 0 0 0 0 113 8 124 0 0 0 0 0 0 0 0 0 0 0 0 0 0 0 0 0 0 0 11 0 0 0 0
0 0 11 0 0 0 48 49 0 0 0 0 0 123 11 0 0 0 61 62 0 48 49 0 127 8 132 113 0 0 0 0 0 0 0 0 0 0 0 0 0 0 0 0 0 0 0 0 0 0 0 0 0 0 124 11 0 0 0 0 0 0 0 0 0 127 0 0 0 0 0 0 0 0 0 0 0 0 0 0 0 0 0 0 0 0 0 0 0 0 0 0 111 0 0 137 48 49 0 127 127 0 0 0 0 0 0 0 0 0 0 0 111 111 0 61 62 0 0 0 0 0 0 111 0 0 0 0 0 123 0 0 0 0 0 0 0 0 0 0 0 0 0 0 0 0 0 0 0 0
0 0 0 0 124 0 61 62 124 0 0 0 11 125 0 0 124 124 0 113 0 61 62 123 124 112 0 0 125 0 0 0 0 0 0 0 0 0 0 0 0 0 0 0 0 0 0 0 0 0 0 0 0 0 124 0 0 124 0 0 0 111 0 110 0 0 126 0 124 8 8 0 0 0 0 0 0 0 0 0 0 0 0 0 0 0 0 110 0 0 0 0 0 0 136 0 61 62 123 0 0 0 0 0 0 0 0 0 0 0 0 0 0 0 127 0 113 0 0 0 0 48 49 113 8 0 123 0 110 0 0 0 0 0 0 0 0 0 0 0 0 0 0 0 0 0 0 0 0 0
0 48 49 126 0 123 0 0 0 0 0 113 0 0 0 110 0 0 48 49 0 0 0 0 127 0 11 0 0 0 0 0 111 8 0 0 0 0 0 0 0 0 0 0 0 0 0 0 0 0 0 0 0 0 0 11 0 0 113 0 0 0 123 0 113 126 0 124 0 0 0 0 0 0 0 0 0 0 0 0 0 0 0 0 0 0 0 0 113 0 48 49 0 127 0 0 0 0 0 0 0 123 126 0 0 0 0 0 0 0 0 0 0 0 0 0 123 0 8 0 0 61 62 0 0 0 112 126 0 0 0 0 0 0 0 0 0 0 0 0 0 0 0 0 0 0 0 0 0 0
113 61 62 0 0 48 49 0 127 111 48 49 0 126 8 0 0 0 61 62 0 0 127 0 0 0 123 0 0 124 0 0 124 0 0 112 0 0 0 0 0 0 0 0 0 0 0 0 0 0 0 0 0 0 0 0 0 0 0 0 0 0 0 48 49 0 112 0 0 0 0 0 0 0 0 0 0 0 0 0 0 0 0 0 0 0 0 8 0 0 61 62 112 111 0 0 0 136 0 0 0 0 11 0 0 0 0 0 0 0 0 0 0 0 0 0 8 0 8 0 0 0 0 0 0 126 113 0 126 0 127 0 0 0 0 0 0 0 0 0 0 0 0 0 0 0 0 0 0 0
0 0 0 123 0 61 62 0 11 123 61 62 0 0 126 0 0 0 0 125 0 0 0 0 0 0 0 0 0 0 0 0 0 0 0 0 0 0 0 0 0 0 0 0 0 0 0 0 0 0 0 0 0 0 0 0 0 0 113 0 0 0 0 61 62 0 0 0 0 48 49 0 0 0 0 0 0 0 0 0 0 0 0 0 0 0 0 0 0 0 0 0 0 0 0 0 48 49 0 110 0 113 0 0 0 0 0 0 0 0 0 0 0 0 0 0 0 136 0 0 0 0 0 8 0 0 0 0 48 49 0 0 0 0 0 0 0 0 0 0 0 0 0 0 0 0 0 0 0 0
0 48 49 0 0 0 0 123 0 0 0 0 0 0 0 0 0 113 0 0 8 0 0 0 0 0 0 0 0 113 0 0 0 0 0 0 0 0 0 0 0 0 0 0 0 0 0 0 0 0 0 0 0 0 0 0 0 0 0 0 0 112 124 0 0 0 48 49 0 61 62 0 0 0 0 0 0 0 0 0 0 0 0 0 0 0 0 0 110 0 0 0 0 0 0 0 61 62 0 125 0 0 0 0 0 0 0 0 0 0 0 0 0 0 0 0 0 0 0 0 0 111 0 11 48 49 0 0 61 62 0 0 110 0 0 0 0 0 0 0 0 0 0 0 0 0 0 0 0 0
0 61 62 8 0 0 0 48 49 0 0 0 112 0 0 0 0 0 0 0 0 0 0 0 0 0 0 0 0 0 0 0 0 0 0 0 0 0 0 0 0 0 0 0 0 0 0 0 0 0 0 0 0 0 0 0 0 0 0 0 0 0 126 0 0 0 61 62 0 0 123 8 0 0 0 0 0 0 0 0 0 0 0 0 0 0 0 0 0 0 0 8 0 0 0 0 0 0 0 0 127 135 113 0 0 0 0 0 0 0 0 0 0 0 0 0 0 0 0 0 0 0 0 127 61 62 0 0 11 0 113 0 0 0 0 0 0 0 0 0 0 0 0 0 0 0 0 0 0 136
0 0 0 0 0 0 125 61 62 0 0 0 0 125 0 111 123 0 0 0 0 0 0 0 0 0 0 0 113 112 0 0 113 48 49 0 0 0 0 0 0 0 0 0 0 0 0 0 0 0 0 0 0 0 0 0 0 0 0 0 0 123 0 0 0 0 0 0 127 0 0 112 0 0 126 0 0 0 0 0 0 0 0 0 0 0 0 0 0 0 0 111 125 124 8 0 0 0 0 0 0 0 112 0 0 0 0 0 0 0 0 0 0 0 0 0 0 0 0 0 125 0 0 0 0 0 0 126 0 0 0 11 0 0 0 0 0 0 0 0 0 0 0 0 0 0 0 0 0 0
0 0 0 0 0 0 0 0 0 0 123 0 0 0 0 0 0 0 0 0 0 0 0 0 0 0 0 0 0 0 0 0 0 61 62 0 0 48 49 0 0 0 0 0 0 0 11 0 0 0 0 0 0 0 0 0 0 0 0 0 123 0 0 127 0 0 0 0 0 8 0 127 0 0 0 0 0 0 0 0 0 0 0 0 0 0 0 0 0 0 0 0 0 0 0 0 113 0 0 0 48 49 0 123 0 0 112 0 0 0 0 0 0 0 0 0 0 0 0 0 0 0 123 127 0 0 48 49 135 0 0 0 0 0 8 0 0 0 0 0 0 0 0 0 0 0 0 0 0 0
0 0 0 0 0 0 0 0 0 0 0 0 0 0 0 0 0 0 0 0 0 0 0 0 0 0 0 0 0 0 0 0 123 0 110 0 0 61 62 0 0 0 126 0 0 0 0 0 0 0 0 0 0 0 0 0 0 0 0 0 0 11 0 0 0 123 113 0 0 0 0 0 113 0 127 0 0 0 0 0 0 0 0 0 0 0 0 0 0 0 0 0 0 0 0 11 0 123 0 113 61 62 0 11 0 0 0 0 0 0 0 0 0 0 0 0 0 0 0 0 0 0 0 0 0 0 61 62 111 0 0 0 0 127 0 0 0 123 0 0 0 0 0 0 0 0 0 0 0 0
0 0 0 0 0 0 0 0 0 0 0 0 0 0 0 0 0 0 0 0 0 0 0 0 0 0 0 0 0 0 0 0 0 0 0 0 0 0 0 0 0 0 0 0 111 0 0 0 0 0 0 0 0 0 0 0 0 0 0 0 124 0 0 0 113 135 0 113 0 0 127 8 0 0 0 0 8 0 0 0 0 0 0 0 0 0 0 0 0 0 0 0 0 0 0 112 0 124 0 0 0 0 0 0 125 0 0 0 11 0 0 0 0 0 0 0 0 0 0 0 0 0 0 0 0 0 123 0 8 123 0 0 0 0 0 126 0 0 126 0 0 0 0 0 0 0 0 0 0 0
0 0 0 0 0 0 0 0 0 0 0 0 0 0 0 0 0 0 0 0 0 0 0 0 0 0 0 0 0 0 0 0 0 0 0 0 8 111 0 0 123 11 110 0 125 0 11 0 0 0 0 0 0 0 0 0 0 0 0 0 0 0 0 48 49 0 0 48 49 0 125 0 48 49 0 0 0 0 0 0 0 0 0 0 0 0 0 0 0 0 0 0 0 0 0 137 0 0 0 0 111 0 0 0 0 126 0 0 0 0 0 0 0 0 0 0 0 0 0 0 0 0 0 0 0 0 0 0 111 126 0 0 0 0 0 48 49 0 0 0 0 0 0 0 0 0 0 0 0 0
0 0 8 0 0 0 0 0 0 0 0 0 0 0 0 0 0 0 0 0 0 0 0 0 0 0 0 0 0 0 0 0 0 0 0 0 0 0 0 0 0 0 0 0 0 0 111 127 0 0 0 0 0 0 0 0 0 0 0 0 0 11 0 61 62 0 126 61 62 0 8 0 61 62 124 11 0 0 0 0 0 0 0 0 0 0 0 0 0 0 0 0 0 0 0 0 0 111 0 0 0 125 0 0 0 0 125 0 0 0 0 0 0 0 0 0 0 0 0 0 0 0 0 0 0 0 0 0 0 0 0 11 0 111 0 61 62 0 0 127 0 124 0 0 0 0 0 0 0 0
0 112 0 0 0 0 0 0 0 0 0 0 0 0 0 0 0 0 0 0 0 0 0 0 0 0 0 0 0 0 0 0 0 0 0 0 0 0 0 0 0 0 0 0 0 0 0 0 0 0 137 0 0 0 0 0 0 0 0 0 0 113 113 0 0 0 0 8 0 124 11 0 0 0 0 124 0 0 0 0 0 0 0 0 0 0 0 0 0 0 0 0 0 0 0 133 0 48 49 0 0 126 0 0 0 0 0 0 0 0 0 0 0 0 0 0 0 0 0 0 0 0 0 0 0 0 0 0 126 0 0 125 0 127 0 124 126 0 0 0 124 110 0 0 0 0 0 0 0 0
11 0 0 0 0 0 0 0 0 0 0 0 0 0 0 0 0 0 0 0 0 0 0 0 0 0 0 0 0 0 0 0 0 0 125 0 0 0 0 0 0 0 0 0 111 0 0 0 0 0 0 0 0 0 0 0 0 0 0 0 0 0 124 0 0 0 0 0 0 110 0 0 0 0 0 0 0 0 0 0 0 0 0 0 0 0 0 0 0 0 0 0 0 0 0 0 127 61 62 0 0 0 0 0 123 11 0 0 112 0 0 0 0 110 0 0 0 0 0 0 0 0 0 0 0 0 0 0 0 0 0 0 111 0 0 0 0 0 110 0 0 0 0 0 0 0 0 0 0 0
0 0 48 49 0 0 0 125 0 0 0 0 0 0 0 0 0 0 0 0 0 0 0 0 0 0 0 0 0 0 0 0 11 0 0 0 0 0 0 0 0 0 0 0 0 0 0 132 113 0 124 112 0 0 0 0 0 0 0 0 0 0 0 0 0 126 0 0 0 0 127 0 0 0 0 0 0 0 0 0 0 0 0 0 0 0 0 0 0 0 0 0 0 0 0 0 0 11 0 0 0 0 0 0 0 0 0 0 0 8 0 11 0 0 123 0 0 0 0 0 0 0 0 0 0 0 0 0 0 0 113 0 0 125 0 0 0 0 127 0 0 0 123 0 0 0 0 0 0 0
0 0 61 62 0 0 0 0 0 0 0 0 0 0 0 0 0 0 0 0 0 0 0 0 0 0 0 0 0 0 0 0 111 0 0 0 0 0 0 0 0 0 0 0 0 0 0 125 0 0 0 48 49 0 133 124 0 0 0 0 0 0 0 0 0 0 0 0 0 125 0 0 0 0 0 0 0 0 0 0 0 0 0 0 0 0 0 0 0 0 0 0 0 0 0 0 0 125 48 49 0 0 0 0 113 123 113 0 0 48 49 111 0 0 112 112 0 0 0 0 0 0 0 0 0 0 0 0 0 0 0 0 0 48 49 111 111 0 0 0 0 112 0 0 0 0 0 0 0 0
112 0 0 0 111 0 0 0 8 111 0 0 0 0 0 0 0 0 0 0 0 0 0 0 0 0 0 0 0 0 134 0 0 0 0 0 0 0 0 0 0 0 0 0 0 0 0 0 0 0 124 61 62 0 0 0 0 0 0 0 0 0 0 0 0 0 0 124 110 111 11 123 0 0 0 11 0 0 0 0 0 0 0 0 0 0 0 0 0 0 0 0 0 0 0 111 0 0 61 62 0 0 0 0 126 0 0 0 0 61 62 0 124 0 0 0 0 0 0 0 0 0 0 0 0 0 0 0 0 126 0 0 0 61 62 0 0 0 8 0 0 0 0 0 0 0 0 0 0 0
0 0 0 0 0 0 8 0 113 48 49 0 0 0 0 125 0 0 112 0 0 0 0 0 0 0 0 123 0 0 0 0 133 0 0 0 0 0 0 0 0 0 0 0 0 0 0 8 0 0 0 111 0 0 0 0 0 0 0 0 0 0 0 0 0 0 0 0 124 0 0 0 0 0 0 0 0 0 0 0 0 0 0 0 0 0 0 0 0 0 0 0 0 0 0 0 0 0 0 11 0 0 0 0 11 126 112 124 0 8 0 0 123 0 0 11 0 0 0 0 0 0 0 0 0 0 0 0 0 0 112 126 0 113 113 0 0 0 111 0 113 8 0 0 0 0 0 0 0 0
112 0 0 0 123 127 0 0 0 61 62 0 0 0 0 0 126 48 49 0 0 8 0 0 0 0 0 0 0 135 0 8 112 0 0 0 0 0 0 0 0 0 0 0 0 0 0 125 0 135 135 0 0 0 124 0 113 110 0 0 0 0 0 0 0 0 0 0 0 0 124 0 0 111 0 0 0 0 0 0 0 0 0 0 0 0 0 0 0 0 0 0 0 0 0 0 0 113 112 0 0 126 0 0 8 0 48 49 124 0 0 0 125 0 0 126 0 0 11 0 0 0 0 0 0 0 0 0 0 0 0 0 0 0 0 0 0 0 0 0 0 0 0 0 0 0 0 0 0 0
113 125 0 0 0 11 0 0 0 0 0 0 0 111 0 0 11 61 62 0 113 127 0 124 0 0 0 0 0 123 0 0 0 0 0 0 0 0 0 0 0 0 0 0 0 0 0 0 110 0 111 0 126 0 0 0 8 0 0 0 0 0 0 0 0 0 0 0 0 0 0 125 0 0 0 0 0 0 0 0 0 0 0 0 0 0 0 0 0 0 0 0 0 125 127 8 124 0 0 0 0 0 48 49 0 0 61 62 112 0 0 0 0 0 0 0 0 127 0 0 0 0 0 0 0 0 0 0 0 0 0 0 124 0 0 0 125 0 125 0 0 0 0 0 0 0 0 0 0 0
0 113 0 0 0 0 0 0 0 0 0 0 0 0 0 0 0 0 112 0 110 0 0 0 0 0 0 125 0 0 0 0 0 0 0 0 0 0 0 0 0 0 0 0 0 0 0 125 0 126 0 8 110 0 0 0 124 0 0 11 0 0 0 0 0 0 0 0 0 0 0 0 0 0 0 0 0 0 0 0 0 0 0 0 0 0 0 0 0 0 0 0 0 0 0 0 11 0 126 0 0 126 61 62 11 0 8 0 0 0 0 0 0 0 48 49 0 0 0 127 0 0 0 0 0 0 0 0 0 0 0 0 0 125 0 0 0 110 0 125 0 0 0 0 0 0 0 0 0 0
0 0 0 0 0 0 0 8 0 126 0 0 0 0 11 8 0 0 0 0 0 113 127 0 0 0 0 112 126 0 0 0 0 0 0 0 0 0 0 0 0 0 0 0 0 0 127 0 111 0 0 126 111 113 0 0 0 112 0 123 0 0 0 0 0 0 0 0 0 0 0 0 0 0 0 0 0 0 0 0 0 0 0 0 0 0 0 0 0 0 0 0 110 112 11 126 0 0 0 0 111 0 0 110 0 0 0 0 0 0 0 0 0 0 61 62 0 0 0 110 0 0 0 0 0 0 0 0 0 0 0 126 0 0 124 0 123 0 0 0 0 0 0 0 0 0 0 0 0 0
0 8 0 0 0 0 0 0 0 0 0 0 0 0 0 0 0 0 0 0 0 0 0 0 0 0 0 0 0 0 0 0 0 0 0 0 0 0 0 0 0 0 0 0 0 0 134 0 0 126 0 0 110 0 0 0 0 48 49 0 0 0 0 0 0 0 0 0 0 0 0 0 0 0 0 0 0 0 0 0 0 0 0 0 0 0 0 0 0 0 0 0 113 8 0 0 0 0 0 126 0 0 0 0 0 0 0 0 0 0 0 125 111 0 0 0 0 0 0 124 0 0 0 0 0 0 0 0 0 0 0 0 0 0 0 0 0 0 0 0 0 0 0 0 0 0 0 0 0 0
0 0 0 0 0 0 0 0 0 0 0 0 0 0 0 0 0 0 0 0 0 0 0 0 0 0 0 0 0 0 0 0 0 0 0 0 0 0 0 0 0 0 0 0 112 0 11 0 0 110 113 11 135 0 0 0 0 61 62 0 0 0 0 0 0 0 0 0 0 11 0 0 0 113 0 136 0 0 0 0 0 0 0 0 0 0 0 0 0 0 0 113 0 0 113 113 0 125 48 49 0 0 0 0 0 0 0 0 0 0 113 0 0 0 0 0 48 49 0 0 112 0 0 0 0 0 0 0 0 0 0 0 11 0 0 112 0 0 0 0 0 0 0 0 0 0 0 0 0 0
0 0 0 0 0 0 0 0 0 0 0 0 0 0 0 0 0 0 0 0 0 0 0 0 0 0 0 0 0 0 0 0 0 0 0 0 0 0 0 0 0 0 0 0 125 0 0 11 0 0 8 0 0 0 0 123 8 0 0 0 0 0 0 0 0 0 0 0 0 0 0 0 0 125 0 0 0 0 0 0 0 0 0 0 0 0 0 0 0 0 0 0 0 125 0 0 0 0 61 62 0 0 0 0 0 0 0 0 0 125 0 0 0 127 0 113 61 62 0 0 0 0 0 0 0 0 0 0 0 0 0 0 0 0 0 0 0 0 0 0 0 0 0 0 0 0 0 0 0 0
0 0 0 0 0 0 0 0 0 0 0 0 0 0 0 0 0 0 0 0 0 0 0 0 0 0 0 0 0 0 0 0 0 0 0 0 0 0 0 0 0 0 0 125 11 0 8 0 0 0 48 49 0 113 0 0 0 0 0 0 0 0 0 0 0 0 0 0 0 0 125 11 127 0 48 49 0 0 0 0 0 0 0 0 0 0 0 0 0 0 0 0 0 125 0 133 125 0 111 0 0 0 0 0 0 0 0 0 0 0 11 125 0 0 0 0 0 0 0 0 126 127 125 0 0 0 0 0 0 0 0 0 0 0 0 0 0 0 0 0 0 0 0 0 0 0 0 0 0 0
0 0 0 0 0 0 0 0 0 0 0 0 0 0 0 0 0 0 0 0 0 0 0 0 0 0 0 0 0 0 0 0 0 0 0 0 0 0 0 0 0 126 124 0 0 125 0 110 0 0 61 62 0 0 0 132 0 112 0 0 0 0 0 0 0 0 0 0 0 0 113 0 0 11 61 62 0 0 0 0 0 0 0 0 0 0 0 0 0 110 0 0 0 112 0 0 8 0 48 49 0 0 0 0 0 0 0 0 0 0 0 0 126 0 8 110 112 0 0 0 0 0 0 0 0 0 0 0 0 0 0 0 0 0 0 0 0 0 0 0 0 0 0 0 0 0 0 0 0 0
0 0 0 0 0 0 0 0 0 0 0 0 0 0 0 0 0 0 0 0 0 0 0 0 0 0 0 0 0 0 0 0 0 0 0 0 0 0 0 0 0 0 0 0 111 0 0 0 0 0 0 11 0 0 0 0 0 0 0 0 0 0 0 0 0 0 0 0 0 0 0 126 0 0 123 0 126 0 0 0 0 0 0 0 0 0 0 0 0 0 0 0 11 48 49 0 113 123 61 62 0 0 0 0 0 0 0 0 0 0 110 0 0 0 48 49 8 0 0 0 48 49 0 0 0 0 0 0 0 0 0 0 0 0 0 0 0 0 0 0 0 0 0 0 0 0 0 0 0 0
0 0 0 0 0 0 0 0 0 0 0 0 0 0 0 0 0 0 0 0 0 0 0 0 0 0 0 0 0 0 0 0 0 0 0 0 0 0 0 124 110 0 0 0 124 0 0 0 0 0 0 0 0 113 48 49 136 136 0 0 0 0 0 0 0 0 0 0 0 0 125 0 125 0 127 0 123 0 0 0 0 0 0 0 0 0 0 0 112 0 0 0 0 61 62 0 0 0 0 0 0 0 0 0 0 0 0 0 0 0 125 0 0 0 61 62 0 0 0 8 61 62 0 0 0 0 0 0 0 0 0 0 0 0 0 0 0 0 0 0 0 0 0 0 0 0 0 0 0 0
0 0 0 0 0 0 0 0 0 0 0 0 0 0 0 0 0 0 0 0 0 0 0 0 0 0 0 0 0 0 0 0 0 0 0 0 0 0 0 0 48 49 0 0 11 8 0 0 111 0 0 127 111 11 61 62 0 124 0 0 135 0 0 0 0 0 0 0 0 0 0 0 0 0 0 0 0 0 0 0 0 0 0 0 0 0 0 0 48 49 0 0 0 125 0 0 0 0 0 0 0 0 0 0 0 0 0 0 0 0 0 0 0 0 0 11 113 0 0 0 0 0 113 0 0 0 0 0 0 0 0 0 0 0 0 0 0 0 0 0 0 0 0 0 0 0 0 0 0 0
0 0 0 0 0 0 0 0 0 0 0 0 0 0 0 0 0 0 0 0 0 0 0 0 0 0 0 0 0 0 0 0 0 0 0 0 0 0 0 0 61 62 111 0 0 11 112 123 0 0 135 0 0 0 0 0 0 0 124 8 0 0 0 0 0 0 0 0 0 0 0 0 0 0 0 0 0 0 0 0 0 0 0 0 0 110 123 112 61 62 0 0 0 0 0 0 136 0 0 0 0 0 0 0 0 0 0 0 0 0 0 123 0 11 0 0 0 0 48 49 0 0 0 0 0 0 0 0 0 0 0 0 0 0 0 0 0 0 0 0 0 0 0 0 0 0 0 0 0 0
0 0 0 0 0 0 0 0 0 0 0 0 0 0 0 0 0 0 0 0 0 0 0 0 0 0 0 0 0 0 0 0 0 0 0 0 0 0 0 0 110 0 0 0 0 126 11 0 0 0 0 0 124 0 0 112 0 0 0 0 0 0 0 0 0 0 0 0 0 0 0 0 0 0 0 0 0 0 0 0 0 0 0 0 0 0 0 0 11 0 11 0 0 0 0 0 126 0 0 0 112 0 0 0 0 0 0 0 0 0 11 0 0 0 0 136 0 0 61 62 127 0 0 0 0 0 0 0 0 0 0 0 0 0 0 0 0 0 0 0 0 0 0 0 0 0 0 0 0 0
0 0 0 0 0 0 0 0 0 0 0 0 0 0 0 0 0 0 0 0 0 0 0 0 0 0 0 0 0 0 0 0 0 0 0 0 0 0 0 0 0 123 111 111 0 0 135 0 11 0 0 0 11 127 0 11 0 0 0 0 0 111 0 0 0 0 0 0 0 0 0 0 0 0 0 0 0 0 0 0 0 0 0 0 112 125 0 0 11 0 0 48 49 123 0 0 112 0 11 0 0 0 0 0 0 0 0 0 0 0 0 0 8 113 8 0 0 0 0 110 0 113 0 0 0 0 0 0 0 0 0 0 0 0 0 11 0 0 0 123 124 113 0 112 0 0 0 0 0 0
0 0 0 8 0 0 0 0 0 0 0 0 0 0 0 0 0 0 0 0 0 0 0 0 11 0 0 0 0 0 0 0 0 0 0 0 0 0 0 132 0 0 0 0 110 0 0 0 137 11 0 0 0 124 8 0 0 0 0 0 127 0 0 0 0 0 0 0 0 0 0 0 0 0 0 0 0 0 0 0 0 0 0 0 0 0 48 49 126 0 127 61 62 0 48 49 0 0 113 0 110 0 0 0 0 0 123 111 0 0 0 0 0 11 0 0 126 0 11 0 0 0 0 0 0 0 0 0 0 0 0 0 0 0 0 0 11 0 125 0 110 0 0 0 0 0 0 0 0 0
0 0 0 0 0 0 8 0 0 0 0 0 0 0 0 0 0 0 0 0 0 0 0 0 0 0 0 0 0 0 0 0 0 0 0 0 0 0 0 0 0 0 0 0 0 0 0 0 0 0 0 0 110 0 125 126 127 125 112 0 0 0 0 0 0 0 0 0 0 0 0 0 0 0 0 0 0 0 0 0 0 0 0 0 0 113 61 62 0 0 0 11 0 0 61 62 112 0 0 0 0 8 48 49 0 0 125 0 0 0 0 0 0 0 0 0 48 49 0 11 0 0 0 0 0 0 0 0 0 0 0 0 0 0 0 0 0 126 8 0 0 0 0 0 0 110 0 0 0 0
0 0 124 0 0 0 0 0 0 0 0 0 0 0 0 0 0 0 0 0 113 123 0 0 0 0 0 0 0 0 0 0 0 0 0 0 0 0 0 0 0 0 0 0 0 0 0 0 0 0 0 0 0 0 0 127 0 0 0 0 0 0 0 0 0 0 0 0 0 0 0 0 0 0 0 0 0 0 0 0 0 0 0 0 0 110 0 127 11 0 0 0 0 0 0 0 124 0 126 0 0 0 61 62 110 0 124 123 0 0 0 0 0 0 0 0 61 62 0 0 0 0 0 0 0 0 0 0 0 0 0 0 0 0 0 110 0 0 11 113 0 0 11 0 11 0 0 0 0 0
123 126 0 8 124 0 0 133 112 0 0 0 0 0 0 0 0 0 0 0 0 124 0 0 0 11 8 113 0 0 0 0 0 0 0 0 0 0 0 113 48 49 0 0 0 0 0 0 0 0 0 0 0 0 0 8 123 124 0 113 0 0 0 0 0 0 0 0 0 0 0 0 0 0 0 0 0 0 0 0 0 0 0 0 0 0 0 0 0 0 0 0 0 11 0 0 0 0 0 0 0 0 110 0 0 0 0 0 0 0 0 0 0 0 123 0 113 8 0 0 0 0 0 0 0 0 0 0 0 0 0 0 0 0 0 0 0 0 8 0 48 49 126 0 127 125 0 0 0 0
0 0 0 48 49 0 0 124 11 0 0 0 0 0 0 0 0 0 0 0 0 0 0 0 0 0 0 0 0 0 0 0 0 0 0 0 0 0 0 0 61 62 0 0 0 0 0 0 0 0 0 0 0 0 0 0 0 11 0 127 0 0 0 0 0 0 0 0 0 0 0 0 0 0 0 0 0 11 8 123 0 0 0 0 0 0 0 0 0 0 0 124 127 0 113 0 0 0 0 0 11 0 11 0 0 0 0 0 0 0 0 0 0 0 124 0 0 0 0 0 0 0 0 0 0 0 0 0 0 0 0 0 0 0 0 0 0 0 0 0 61 62 0 0 0 0 125 0 0 0
0 0 0 61 62 0 0 0 11 0 0 0 0 0 8 125 0 8 0 0 111 0 0 124 126 124 0 0 0 0 0 0 0 0 0 0 0 0 0 0 125 0 0 0 112 0 0 0 0 0 0 0 0 0 0 110 124 0 0 0 0 0 0 0 0 0 0 0 0 0 0 0 0 0 0 125 0 0 0 0 0 0 0 0 0 0 0 0 0 0 0 0 0 8 11 0 110 0 0 127 0 0 0 0 0 0 0 0 0 0 0 0 0 0 110 123 125 0 112 0 0 0 0 0 0 0 0 0 0 0 0 0 0 0 0 0 0 0 0 0 0 8 0 0 48 49 0 0 0 0
0 126 0 0 0 0 0 0 127 125 0 132 0 48 49 126 0 0 112 110 0 11 0 0 0 8 113 11 125 0 0 0 0 0 0 0 0 0 0 0 0 0 11 124 11 0 0 0 0 0 0 0 0 0 0 0 0 0 0 0 0 0 0 0 0 0 0 0 0 0 0 0 0 0 0 125 0 48 49 0 0 0 0 0 0 0 0 0 0 0 0 0 0 125 0 0 0 0 125 0 0 0 0 0 0 0 0 0 0 0 0 0 0 0 0 0 113 0 0 123 113 0 0 0 0 0 0 0 0 0 0 0 0 0 0 0 0 0 0 0 11 0 0 0 61 62 0 0 0 0
127 0 127 0 0 113 48 49 0 0 0 0 126 61 62 8 0 112 0 135 0 0 0 0 0 48 49 0 0 0 0 0 0 0 0 0 0 0 0 0 0 0 0 0 0 0 0 0 0 0 0 0 0 0 0 0 0 0 0 0 0 0 0 0 0 0 0 0 0 0 0 0 0 127 0 110 0 61 62 112 0 0 0 0 0 0 0 0 0 0 0 0 0 0 0 125 0 0 111 0 0 8 125 0 0 0 0 0 0 0 0 0 0 0 0 0 112 124 0 0 0 0 0 0 0 0 0 0 0 0 0 0 0 0 0 0 0 0 0 0 0 111 0 0 11 110 124 0 0 0
0 0 0 0 125 0 61 62 0 0 111 0 0 0 0 0 0 11 127 0 112 11 113 0 0 61 62 0 0 0 0 0 0 0 0 0 0 0 11 0 0 0 0 0 0 0 0 0 0 0 0 0 0 0 0 0 0 0 0 0 0 0 0 0 0 0 0 0 0 0 0 0 0 123 0 0 0 0 0 11 123 0 0 0 0 0 0 0 0 0 0 0 0 0 0 0 113 0 0 0 0 112 0 0 0 0 0 0 0 0 0 0 0 0 0 125 0 0 124 8 0 0 0 0 0 0 0 0 0 0 0 0 0 0 0 0 0 0 0 0 0 0 0 0 0 0 0 126 0 111
0 0 0 0 0 0 0 0 0 127 127 0 0 48 49 0 110 126 0 0 0 0 48 49 0 0 112 0 0 0 0 0 0 0 0 0 0 0 112 123 110 0 0 0 111 0 0 0 0 0 0 0 0 0 0 0 0 0 0 0 0 0 0 0 0 0 0 0 0 0 0 0 0 110 0 0 0 113 0 0 8 124 123 0 0 0 0 0 0 0 0 0 0 0 0 0 0 0 136 0 0 0 0 0 0 0 0 0 0 0 0 0 0 0 0 132 0 123 8 0 132 0 0 0 0 0 0 0 0 0 0 0 0 0 0 0 0 0 0 0 0 0 0 0 0 110 0 8 136 0
0 0 0 0 0 135 0 0 0 0 0 124 0 61 62 0 0 0 0 0 123 0 61 62 0 0 0 0 0 0 0 0 0 0 0 0 0 0 0 0 123 0 0 0 0 0 126 0 0 0 0 0 0 0 0 0 0 0 0 0 0 0 0 0 0 0 0 0 0 0 124 127 124 126 125 0 126 0 0 0 0 0 0 0 0 0 0 0 0 0 0 0 0 0 0 0 0 0 0 0 0 0 0 0 0 0 0 0 0 0 0 0 0 0 0 0 0 0 126 0 0 0 0 0 0 0 0 0 0 0 0 0 0 0 0 0 0 0 0 0 0 0 0 0 0 0 48 49 124 110
0 0 0 0 0 123 0 0 127 0 125 0 0 0 0 0 0 126 0 0 127 0 112 0 0 110 0 0 0 0 0 0 0 0 0 0 0 0 0 0 48 49 0 0 123 0 0 125 0 0 0 0 0 0 0 0 0 0 0 0 0 0 0 0 0 0 0 0 0 0 0 0 0 0 0 0 0 0 0 123 0 0 0 0 0 0 0 0 0 0 0 0 0 0 0 0 0 0 0 0 0 0 0 0 0 0 0 0 0 0 0 0 0 0 0 0 48 49 0 0 8 11 0 0 0 0 0 0 0 0 0 0 0 0 0 0 0 0 0 0 0 0 124 126 0 0 61 62 110 112
0 0 0 0 0 0 0 0 0 0 0 0 0 113 0 0 0 0 0 0 0 0 113 0 0 0 0 0 0 0 0 0 0 0 0 0 0 0 0 0 61 62 112 0 48 49 0 0 0 0 0 0 0 124 0 0 0 0 0 0 0 0 0 0 0 0 0 0 0 0 0 11 0 8 0 11 0 0 113 0 0 0 0 0 0 0 0 0 0 0 0 0 0 0 0 0 0 0 0 0 0 0 0 0 0 0 0 0 0 0 0 0 0 0 0 11 61 62 0 0 0 0 113 0 0 0 0 0 0 0 0 0 0 0 0 0 0 0 0 8 0 127 0 123 0 0 0 0 0 0
0 0 0 0 0 0 0 0 0 0 0 0 0 0 0 0 11 0 0 0 127 112 0 0 0 0 0 0 0 0 0 0 0 0 0 0 0 0 137 0 0 0 0 0 61 62 0 110 126 0 0 8 0 0 0 0 0 0 0 0 0 0 0 0 0 0 0 0 0 0 0 0 0 0 0 11 0 124 0 0 125 0 0 0 0 0 0 0 0 0 0 0 0 0 0 0 0 0 0 0 0 0 0 0 0 0 0 0 0 0 0 0 0 0 0 0 0 0 0 0 0 0 0 0 0 0 0 0 0 0 0 0 0 0 0 0 125 0 113 48 49 0 0 0 0 8 0 0 0 0
0 0 0 0 0 0 0 0 0 0 0 0 0 0 0 0 0 0 0 0 111 0 0 0 0 0 0 0 0 0 0 0 0 0 0 0 0 0 0 0 0 0 0 0 0 0 0 124 0 0 8 124 0 0 0 0 0 0 0 0 0 0 0 0 0 0 0 0 0 0 0 0 0 126 0 0 0 0 0 0 0 0 126 0 0 0 0 0 0 0 0 0 0 0 0 0 0 0 0 0 0 0 0 0 0 0 0 0 0 0 0 0 0 0 0 0 0 0 0 0 0 0 0 0 0 0 0 0 0 0 0 0 0 0 8 0 0 11 0 61 62 8 11 0 0 0 0 0 0 0
0 0 0 0 0 0 0 0 0 0 0 0 0 0 0 0 0 123 0 11 0 0 0 0 0 0 0 0 0 0 0 0 0 0 0 0 0 0 124 0 0 0 0 0 0 0 0 0 0 0 0 0 0 0 0 0 0 0 0 0 0 0 0 0 0 0 0 0 0 0 0 0 0 0 0 0 0 8 0 0 0 0 111 126 0 0 0 0 0 0 0 0 0 0 0 0 0 0 0 0 0 0 0 0 0 0 0 0 0 0 0 0 0 0 0 0 0 0 0 0 135 0 0 0 0 0 0 0 0 0 0 0 0 0 0 0 0 0 0 0 137 0 0 0 111 0 0 0 0 0
0 0 0 0 0 0 0 0 0 0 0 0 0 0 0 0 0 0 0 0 0 0 0 0 0 0 0 0 0 0 0 0 0 0 0 0 0 0 0 0 0 0 0 0 126 0 0 0 0 0 0 125 0 112 123 0 0 0 0 0 0 0 0 0 0 0 0 0 0 0 0 125 0 0 113 0 0 0 0 0 0 0 0 0 0 0 134 8 0 0 0 0 0 0 0 0 0 0 0 0 123 0 0 0 0 0 0 0 0 0 0 0 0 0 127 0 0 0 0 0 0 0 0 0 0 0 0 0 0 0 0 0 0 0 0 0 125 125 112 0 0 125 0 126 8 125 0 0 0 0
0 0 0 0 0 0 0 0 0 0 0 0 0 0 0 0 0 0 111 0 0 0 0 0 0 0 0 0 0 0 0 0 0 0 124 0 0 0 113 134 0 0 0 124 123 0 0 0 0 0 0 0 0 0 0 0 110 0 0 0 0 0 0 0 0 0 0 0 0 0 0 0 0 0 125 0 0 126 0 0 0 0 0 0 0 0 0 0 0 0 0 0 0 0 0 0 0 0 0 11 0 127 0 8 0 0 0 0 0 0 0 0 0 0 0 0 0 125 0 127 0 0 0 0 0 0 0 0 0 0 0 0 0 123 0 0 0 0 0 0 0 0 0 0 125 0 0 0 0 0
