0 0 8 0 8 110 0 0 0 0 0 0 0 0 0 0 0 0 0 0 0 0 0 0 0 0 0 0 0 0 0 0 0 0 0 48 49 124 0 0 135 0 0 0 127 0 0 0 0 0 0 0 0 0 0 0 0 0 0 0 0 0 0 0 0 0 0 0 123 125 0 126 0 0 113 0 0 0 0 0 0 0 0 0 0 0 0 0 0 0 0 0 0 0 0 126 0 110 0 0 0 0 0 0 0 0 0 0 0 113 48 49 0 0 0 0 0 126 0 0 112 0 0 0 0 0 0 0 0 0 113 0 0 0 0 0 0 0 0 8 11 0 124 127 127 0 0 0 113 0
113 0 135 0 111 127 0 0 0 0 0 0 0 0 0 0 0 0 0 0 0 0 0 0 0 0 0 0 0 0 0 11 0 124 0 61 62 0 0 112 0 123 0 0 0 0 126 123 0 0 0 0 0 0 0 0 0 0 0 0 0 0 0 0 0 0 0 0 0 0 0 134 0 8 0 0 127 0 0 0 0 0 0 0 0 0 0 0 0 0 0 0 0 0 0 0 125 0 0 0 0 0 0 0 0 0 0 136 0 0 61 62 11 0 0 0 0 110 0 0 0 0 0 0 0 0 0 0 0 0 0 0 0 124 0 0 0 0 0 0 123 0 0 0 8 0 48 49 0 0
0 123 0 0 0 0 0 0 0 0 0 0 0 0 0 0 0 0 0 0 0 0 0 0 0 0 0 0 0 0 0 0 0 0 0 125 0 11 126 0 0 0 0 0 0 0 0 0 0 127 0 0 0 0 0 0 0 0 0 0 0 0 0 0 0 0 0 112 0 11 0 134 0 0 0 126 0 0 0 0 0 0 0 0 0 0 0 0 0 0 0 0 0 0 0 0 0 0 0 0 0 0 0 0 0 0 0 0 0 11 8 0 127 0 0 0 0 0 0 0 112 0 0 0 0 0 0 0 0 0 0 0 0 0 0 126 0 0 0 0 0 8 124 0 127 123 61 62 0 0
0 0 0 0 0 0 0 0 0 0 0 0 0 0 0 0 0 0 0 0 0 0 0 0 0 0 0 0 0 0 0 0 0 0 0 0 0 0 0 48 49 127 0 0 0 0 0 0 0 0 0 0 0 0 0 0 0 0 0 0 0 0 0 0 0 0 0 0 0 123 0 0 111 0 0 0 0 0 0 0 0 0 0 0 0 0 0 0 0 0 0 0 0 0 0 0 0 0 0 0 0 0 0 0 0 0 0 0 0 124 0 11 0 0 0 0 125 0 0 0 0 0 0 0 0 0 0 0 0 0 0 112 0 0 0 0 124 0 113 0 0 0 11 0 0 0 110 0 134 127
0 0 0 0 0 0 0 0 0 0 0 0 0 0 0 0 0 0 0 0 0 0 0 0 0 0 0 0 0 0 0 0 0 0 0 126 112 0 0 61 62 0 123 110 0 123 0 0 0 0 0 0 0 0 0 0 0 0 0 0 0 0 0 0 0 0 0 0 8 0 125 0 0 0 0 0 0 111 126 0 0 0 0 0 0 0 0 0 0 0 0 0 0 110 0 124 48 49 0 0 0 0 0 0 0 0 0 0 0 0 0 0 0 0 0 0 0 0 0 0 0 0 0 0 0 0 0 0 0 0 0 127 0 0 0 0 123 0 0 0 0 0 11 0 0 127 0 0 123 0
0 0 0 0 0 0 0 0 0 0 0 0 0 0 0 0 0 0 0 0 0 0 0 0 0 0 0 0 0 0 0 0 0 0 0 0 0 0 0 125 0 0 0 0 0 0 0 0 0 0 0 0 0 0 0 0 0 0 0 0 0 0 0 0 0 0 0 0 0 0 0 0 0 112 133 0 0 123 0 0 0 0 0 0 0 0 0 0 0 0 0 0 110 0 0 0 61 62 0 0 0 0 0 0 0 0 0 0 0 0 0 0 0 0 0 0 0 0 0 0 0 0 0 0 0 0 0 0 0 123 0 0 0 112 0 0 0 0 0 0 0 0 0 0 0 0 0 0 0 0
0 0 0 0 0 0 0 0 0 0 0 0 0 0 0 0 0 0 0 0 0 0 0 0 0 0 0 0 0 0 0 0 0 0 0 0 0 0 0 0 0 0 0 0 0 0 0 0 0 0 0 0 0 0 0 0 0 0 0 0 0 0 0 0 0 0 0 0 0 0 0 0 127 0 0 0 0 127 8 0 0 0 0 0 0 0 0 0 0 0 0 0 48 49 0 0 124 0 0 11 0 0 0 0 0 0 0 0 0 0 0 0 0 0 0 0 0 0 0 0 0 0 0 0 0 0 0 0 0 0 123 0 126 0 0 0 0 0 0 0 0 0 0 0 0 0 0 0 110 0
0 0 0 0 0 0 0 0 0 0 0 0 0 0 0 0 0 0 0 0 0 0 0 0 0 0 0 0 0 0 0 0 0 0 0 0 0 0 0 0 0 0 0 0 0 0 0 0 0 0 0 0 0 0 0 0 0 0 0 0 0 0 0 0 0 0 0 0 0 0 123 0 0 0 111 0 0 0 0 0 0 123 0 0 0 0 0 0 0 0 134 0 61 62 123 0 0 0 0 0 126 0 0 0 0 0 0 0 0 0 0 0 0 0 0 0 0 0 0 0 0 0 0 0 0 0 125 0 0 127 0 0 0 112 0 0 0 0 0 0 0 0 0 0 0 0 0 0 126 0
0 0 0 0 0 0 0 0 0 0 0 0 0 0 0 0 0 0 0 0 0 0 0 0 0 0 0 0 0 0 0 0 0 0 0 0 0 0 0 0 0 0 0 0 0 0 0 0 0 0 0 0 0 0 0 0 0 0 0 0 0 0 0 0 0 0 0 0 0 0 0 0 0 0 0 0 0 110 48 49 0 0 0 0 0 0 0 0 0 126 0 0 0 136 8 0 0 0 127 0 124 0 0 0 0 0 0 0 0 0 0 0 0 0 0 0 0 0 0 0 0 0 0 0 0 0 124 0 0 123 133 0 0 0 0 0 0 0 0 0 0 0 0 0 0 0 0 0 0 0
0 0 0 0 0 0 0 0 0 0 0 0 0 0 0 0 0 0 0 0 0 0 0 0 0 0 0 0 0 0 0 0 0 0 0 0 0 0 0 0 0 0 0 0 0 0 0 0 0 0 0 0 0 0 0 0 0 0 0 0 0 0 0 0 0 0 0 0 0 0 0 0 113 0 0 0 125 0 61 62 0 0 127 0 0 0 0 0 0 0 113 0 48 49 126 0 113 8 0 0 0 0 0 0 0 0 0 0 0 0 0 0 0 0 0 0 0 0 0 0 0 0 0 0 0 0 11 0 0 124 0 110 0 0 0 0 0 0 0 0 0 0 0 0 0 0 0 0 0 0
0 0 0 0 0 0 0 0 0 0 0 0 0 0 0 0 8 0 0 0 0 0 0 0 0 0 0 0 0 0 0 0 0 0 0 0 0 0 0 0 0 0 0 0 0 0 0 0 0 0 0 0 0 0 0 0 0 0 124 0 0 0 0 0 0 0 0 0 0 0 0 123 0 0 126 0 0 0 0 0 124 0 0 0 0 0 0 0 0 0 0 113 61 62 0 48 49 0 126 0 0 125 0 0 0 0 0 0 0 0 0 0 0 0 0 0 0 0 0 0 0 0 0 0 110 126 0 0 125 0 0 0 113 124 0 0 0 0 0 0 0 0 0 0 0 0 0 0 0 0
0 0 0 0 0 0 0 0 0 0 0 0 0 0 0 11 0 0 0 0 0 0 0 0 0 0 0 0 0 0 0 0 0 0 0 0 0 0 137 0 0 0 0 0 0 0 0 0 0 0 0 0 0 0 0 0 111 48 49 0 0 0 0 0 0 0 0 0 0 0 0 11 0 0 113 0 0 0 11 0 0 0 0 0 0 0 0 0 0 0 0 0 112 0 126 61 62 0 0 112 0 113 0 0 0 0 0 0 0 0 0 0 0 0 0 0 0 0 0 0 0 0 0 0 0 0 125 48 49 0 0 0 0 0 113 0 0 0 0 0 0 0 0 0 0 0 0 0 0 0
0 0 0 0 0 0 0 0 0 0 0 0 0 0 0 0 0 123 0 112 0 0 0 112 0 0 0 0 0 0 0 0 0 0 0 0 0 0 0 0 125 0 0 0 0 0 0 0 0 0 0 0 0 0 0 0 0 61 62 0 0 0 0 0 0 0 0 0 0 0 0 0 0 0 0 0 0 125 0 0 0 0 0 0 0 0 0 0 0 0 0 0 0 126 0 0 0 0 0 0 0 0 112 0 0 0 0 0 0 0 0 0 0 0 0 0 0 0 0 0 0 0 0 125 11 0 0 61 62 0 0 112 0 0 113 0 0 0 0 0 0 0 0 0 0 0 0 0 0 0
0 0 0 0 0 0 0 0 0 0 0 0 0 0 0 0 0 0 0 8 48 49 0 127 0 0 0 0 0 0 0 0 113 0 0 0 0 0 0 0 0 0 0 0 0 0 0 0 0 0 0 0 0 0 110 0 0 0 8 0 0 0 0 0 0 0 0 0 0 0 0 0 0 0 0 0 0 0 0 0 0 0 0 0 0 0 0 0 0 0 0 0 111 0 0 113 0 0 110 0 0 0 0 0 0 0 0 0 0 0 0 0 0 0 0 0 0 0 0 0 0 0 0 0 125 112 110 113 0 112 48 49 8 0 0 0 0 0 0 0 0 0 0 0 0 0 0 0 0 0
0 0 0 0 0 0 0 0 0 0 0 0 0 0 8 0 0 0 132 123 61 62 11 0 0 0 0 0 0 0 0 0 123 0 0 127 0 0 8 112 135 0 0 0 0 0 0 0 0 0 0 0 0 48 49 0 126 125 0 0 0 0 0 0 0 0 0 0 0 0 0 0 0 0 0 0 0 0 0 0 0 0 0 0 0 0 0 0 0 0 0 0 0 8 0 48 49 0 0 11 112 0 0 0 0 0 0 0 0 0 0 0 0 0 0 0 0 0 0 0 0 0 0 0 0 11 0 0 0 113 61 62 0 111 0 0 0 110 0 0 0 0 0 0 0 0 0 0 0 0
0 0 0 0 0 0 0 0 0 0 0 0 0 113 0 0 0 111 0 0 0 123 126 0 0 0 0 0 0 0 127 0 0 0 0 0 48 49 124 48 49 8 127 0 112 0 0 0 0 0 0 0 0 61 62 0 113 123 0 0 0 0 0 0 0 0 0 0 0 0 0 0 0 0 0 0 0 0 0 0 0 0 0 0 0 0 0 0 0 0 0 0 0 0 127 61 62 11 112 0 124 0 127 0 0 0 0 0 0 110 0 0 0 0 0 0 0 0 0 0 0 126 0 0 0 0 127 0 0 0 0 127 113 0 111 111 124 0 0 0 0 0 0 0 0 0 0 0 0 0
0 0 0 0 0 0 0 0 0 0 0 0 0 0 0 0 0 0 125 0 0 0 0 0 0 0 0 0 0 0 0 0 127 112 125 0 61 62 0 61 62 112 113 0 0 113 0 0 0 0 0 124 125 0 0 0 8 0 0 0 0 0 0 0 0 0 0 0 0 0 0 0 0 0 0 0 0 0 0 0 0 0 0 0 0 0 0 0 0 0 0 0 0 0 127 0 134 0 0 0 0 0 0 0 124 0 8 0 110 111 0 0 0 0 0 0 0 0 0 0 0 0 0 127 0 0 0 8 0 0 126 0 0 0 0 0 8 0 0 110 0 0 0 0 0 0 0 0 0 0
0 0 111 0 0 0 0 0 0 0 0 0 127 0 0 0 0 124 0 126 0 0 0 123 0 110 0 0 0 0 0 125 11 0 0 125 0 0 0 0 0 0 0 0 123 0 0 126 126 0 0 0 0 127 0 0 0 0 0 0 0 0 0 0 0 0 0 0 0 0 0 0 0 0 0 0 0 0 0 0 0 0 0 0 0 0 0 0 0 0 0 0 0 0 0 0 0 0 0 133 48 49 0 0 0 11 0 0 0 0 0 113 0 0 0 0 0 0 0 124 0 127 125 0 112 112 110 0 0 0 0 48 49 0 8 127 111 0 0 0 0 0 0 0 0 0 0 0 0 0
0 8 0 0 0 0 0 0 0 0 0 0 0 0 0 112 0 0 0 0 48 49 8 0 112 0 0 0 110 11 0 0 0 0 0 0 0 0 0 0 0 0 0 112 0 0 0 0 0 0 0 0 0 125 0 0 0 0 0 0 0 0 0 0 0 0 0 0 0 0 0 0 0 0 0 0 0 0 0 0 0 0 0 0 0 0 0 0 0 0 0 0 0 0 0 0 124 0 0 0 61 62 0 110 0 0 0 0 48 49 0 0 0 0 0 0 0 0 0 0 0 0 113 0 0 110 0 110 0 0 123 61 62 0 127 110 124 113 112 48 49 0 0 0 8 0 0 0 135 0
0 48 49 0 0 0 0 0 0 0 0 0 0 0 0 0 0 0 136 0 61 62 0 48 49 0 48 49 124 0 0 0 0 0 0 0 112 0 0 124 0 0 0 0 0 0 124 0 126 0 0 0 0 0 0 0 0 0 0 0 0 0 0 0 0 0 0 0 0 0 0 0 0 0 0 0 0 0 0 0 0 0 0 0 0 0 0 0 0 0 0 0 0 0 0 0 0 0 124 0 0 0 125 0 0 0 124 0 61 62 0 0 0 0 0 0 0 0 0 123 111 8 0 127 124 0 0 0 0 0 0 0 123 0 0 124 124 126 0 61 62 127 0 0 0 0 112 133 0 0
0 61 62 0 113 123 135 0 0 0 0 0 0 0 0 0 0 0 0 0 0 134 126 61 62 0 61 62 0 0 127 0 110 8 127 0 0 135 0 0 0 0 0 0 0 0 0 113 125 0 0 11 0 0 0 0 0 0 0 0 0 0 0 0 0 0 0 0 0 0 0 0 0 0 0 0 0 0 0 0 0 0 0 0 0 0 0 0 0 0 0 0 0 0 0 0 0 0 0 0 0 0 0 127 0 0 0 0 0 0 0 0 0 0 0 0 0 0 0 0 0 0 126 0 0 113 0 0 0 8 0 0 0 0 0 111 48 49 0 0 0 0 0 0 0 0 0 0 0 0
125 8 125 11 0 0 126 0 0 0 0 0 126 133 0 11 0 0 0 0 0 0 126 0 0 0 0 0 0 0 113 0 124 0 137 123 0 0 0 0 113 11 0 110 125 0 0 0 0 48 49 0 0 0 0 0 0 0 0 0 0 0 0 0 0 0 0 0 0 0 0 0 0 0 0 0 0 0 127 0 0 0 0 0 0 0 0 0 0 0 0 0 0 0 0 0 0 0 124 0 0 0 0 0 0 0 0 0 111 0 0 113 0 0 0 0 0 0 0 0 0 0 8 0 0 0 0 112 0 11 0 0 0 0 0 137 61 62 0 0 0 127 0 0 0 0 0 8 0 0
0 0 0 11 126 11 0 0 0 0 112 124 0 0 0 8 0 0 0 0 8 0 0 48 49 0 113 111 0 111 0 0 110 0 0 0 0 123 0 124 0 0 0 0 0 0 0 0 0 61 62 126 113 112 110 0 0 0 0 0 0 0 0 0 0 0 0 0 0 0 0 0 0 0 0 0 135 0 0 110 0 0 0 0 0 0 0 0 0 0 0 0 0 0 0 0 0 0 0 0 0 0 0 0 0 0 125 0 0 0 0 0 127 0 0 0 0 0 0 0 0 0 0 0 0 110 0 0 0 0 0 0 112 0 125 124 111 0 0 0 0 0 0 124 0 113 113 8 0 0
0 0 126 0 0 0 0 0 136 110 0 126 0 0 0 0 0 0 0 11 0 0 0 61 62 0 0 125 0 0 0 124 127 0 123 0 0 0 0 0 0 0 0 0 0 0 0 0 0 0 0 0 0 0 0 0 0 0 0 0 0 0 0 0 0 0 0 0 0 0 0 0 0 0 0 11 0 0 0 0 111 0 0 125 0 0 0 0 0 0 0 0 0 0 0 0 0 0 0 11 0 126 0 0 0 0 0 126 0 0 0 111 0 0 0 0 0 0 0 0 0 0 0 0 0 0 0 0 0 0 0 0 0 0 0 0 0 11 0 0 0 0 0 0 0 0 0 0 0 0
0 0 0 0 0 0 0 0 0 0 0 0 110 0 0 0 0 0 0 0 48 49 8 0 0 0 0 127 110 110 111 0 135 0 0 0 0 0 0 0 0 0 0 0 0 0 0 0 8 0 0 0 0 0 0 0 0 0 0 0 0 0 0 0 0 0 0 0 0 0 0 0 0 0 125 0 11 0 0 0 0 0 0 0 0 0 0 0 0 0 0 0 0 0 0 0 0 0 0 0 124 0 111 126 0 0 0 0 0 0 0 0 0 0 0 0 0 0 0 0 0 0 0 0 0 0 0 0 0 0 0 0 0 126 0 113 0 0 0 48 49 0 112 0 0 0 0 0 11 127
0 0 0 112 126 8 113 0 0 0 124 124 11 0 0 0 0 0 0 125 61 62 0 126 127 0 0 0 126 48 49 0 127 0 0 0 0 0 0 0 0 0 0 0 0 0 0 0 0 0 0 0 0 0 0 0 0 0 0 0 0 0 0 0 0 0 0 0 0 0 0 0 0 0 0 8 0 0 0 0 0 126 0 124 0 0 0 0 0 0 0 0 0 0 0 0 0 0 0 123 0 0 0 0 0 112 0 123 0 0 0 0 0 0 0 0 0 0 0 0 0 0 0 0 0 0 0 0 0 0 0 0 0 0 0 0 0 0 112 61 62 0 0 112 0 8 137 0 0 0
0 48 49 0 0 110 0 0 0 0 0 0 123 123 0 113 0 48 49 126 127 0 8 126 0 0 0 0 111 61 62 111 0 113 0 0 0 0 0 0 0 0 0 0 0 0 0 0 0 0 0 0 0 0 110 0 126 0 0 0 0 0 0 0 0 0 0 0 0 0 0 0 0 0 127 0 0 0 111 112 8 0 110 0 0 0 0 111 0 0 0 0 0 0 0 0 0 0 0 0 0 0 0 110 0 0 0 0 0 0 0 0 0 0 0 0 0 0 0 0 0 0 0 0 0 0 0 0 0 0 0 0 0 0 0 0 112 0 0 0 0 0 0 110 123 0 0 0 0 0
125 61 62 0 123 0 0 0 0 0 123 0 8 0 0 0 110 61 62 127 124 123 0 0 0 0 126 0 127 0 111 126 127 0 0 0 0 0 0 0 0 0 0 0 0 0 0 0 123 0 0 0 0 125 0 0 0 0 0 0 0 0 0 0 0 0 0 0 0 0 0 0 0 0 0 0 111 0 0 0 0 110 8 0 125 127 113 0 0 0 0 0 0 0 0 0 0 0 0 111 8 0 0 125 0 0 0 0 0 0 0 0 0 0 0 0 0 0 0 0 0 0 0 0 0 0 0 0 0 0 0 0 0 0 0 0 127 0 0 0 11 0 0 8 110 8 0 0 0 137
0 0 0 134 0 11 110 0 0 0 0 0 0 0 0 0 0 0 0 11 0 0 127 0 110 0 0 0 8 0 0 0 0 0 0 0 0 0 0 0 0 0 0 0 0 0 0 126 48 49 0 0 0 112 0 48 49 0 124 0 0 0 0 0 0 0 0 0 0 0 0 0 0 0 0 0 0 0 48 49 0 133 0 0 110 0 0 0 127 0 0 0 0 0 0 0 0 0 0 0 0 0 0 48 49 0 0 0 0 0 0 0 0 0 0 0 0 0 125 110 0 0 0 0 0 0 0 0 0 0 0 0 0 0 0 0 0 0 0 0 0 48 49 0 0 0 0 0 0 126
113 0 0 113 125 0 0 0 0 0 0 0 0 0 126 0 0 0 0 0 113 0 0 0 0 0 11 8 0 0 0 0 0 0 0 0 0 0 0 0 0 0 0 0 0 0 0 0 61 62 0 125 0 124 0 61 62 0 0 0 0 0 0 0 0 0 0 0 0 0 0 0 0 0 0 0 0 0 61 62 0 0 0 0 0 0 0 0 0 0 0 0 0 0 0 0 0 125 124 0 0 0 0 61 62 0 0 0 0 0 0 0 0 0 0 126 0 0 0 0 124 0 0 0 0 0 0 0 0 0 0 0 0 0 0 0 0 124 0 0 0 61 62 0 0 0 0 113 0 0
111 0 113 0 0 0 0 0 0 0 0 0 0 0 0 0 0 0 0 0 0 0 0 0 0 0 0 0 0 0 0 0 0 0 0 0 0 0 0 0 0 0 0 0 126 112 0 0 0 0 0 110 0 0 0 124 0 0 0 0 0 0 0 0 0 0 0 0 0 0 0 0 0 0 0 0 125 0 0 126 127 0 0 0 0 0 124 0 0 0 0 0 0 0 0 0 11 0 0 0 0 0 124 0 0 125 0 0 0 0 0 0 0 0 0 0 113 0 113 127 0 0 11 0 0 0 0 0 0 0 0 0 0 0 0 0 0 0 0 0 0 123 0 0 0 0 8 0 123 0
0 112 0 0 0 0 0 0 0 0 0 0 0 0 0 0 0 0 0 0 0 0 0 0 0 0 0 0 0 0 0 0 0 0 0 0 0 0 0 0 0 125 0 0 0 0 0 11 0 0 0 0 0 0 110 0 0 0 0 112 0 0 0 0 0 0 0 0 0 0 0 0 0 0 0 0 0 0 11 48 49 0 0 127 127 0 8 0 0 0 0 0 0 0 0 0 0 0 125 0 0 0 0 0 8 11 0 0 0 0 0 0 0 0 0 123 0 48 49 0 0 0 0 0 0 0 0 0 0 0 0 0 0 0 0 0 0 0 0 0 0 0 0 0 0 0 0 0 0 0
0 0 111 0 0 0 0 0 0 0 0 0 0 0 0 0 0 0 0 0 0 0 0 0 0 0 0 0 0 0 0 0 0 0 0 0 0 0 0 0 0 123 48 49 0 0 0 0 0 133 0 0 124 0 0 0 0 113 0 0 112 123 0 0 0 0 0 0 0 0 0 0 0 0 0 0 0 0 0 61 62 0 111 0 0 134 112 111 0 0 0 0 0 0 0 0 0 0 8 0 0 0 0 111 124 0 0 0 0 0 0 0 0 0 0 0 0 61 62 124 0 126 125 137 0 0 0 0 0 0 0 0 0 0 0 0 0 0 0 0 0 127 135 125 134 0 0 0 0 0
0 123 0 0 0 0 0 0 0 0 0 0 0 0 0 0 0 0 0 0 0 0 0 0 0 0 0 0 0 0 0 0 0 0 0 0 0 0 0 0 125 0 61 62 123 0 0 0 0 0 0 0 0 0 0 0 110 8 0 48 49 123 0 0 0 0 0 0 0 0 0 0 0 0 0 0 0 0 111 113 8 126 0 125 0 0 0 0 0 0 0 0 0 0 0 0 113 127 127 0 0 0 0 0 113 0 134 0 0 0 0 0 0 0 0 0 0 0 0 0 111 0 0 0 0 0 0 0 0 0 0 0 0 0 0 0 0 0 0 0 0 0 0 0 110 133 0 0 0 0
0 0 0 0 0 0 0 0 0 0 0 0 0 0 0 0 0 0 0 0 0 0 0 0 0 0 0 0 0 0 0 0 0 0 0 0 0 0 0 0 0 123 0 0 123 0 0 0 0 8 137 113 0 0 0 111 0 0 125 61 62 0 113 0 0 0 0 0 0 0 0 0 0 0 0 0 0 11 112 0 0 111 124 0 0 0 0 110 125 111 0 48 49 111 0 0 0 0 112 0 11 125 48 49 0 126 124 0 0 0 0 0 0 0 0 0 0 113 0 0 0 0 0 0 0 0 0 0 0 0 0 0 0 0 0 0 0 0 0 0 0 0 0 0 0 0 0 0 0 0
113 113 0 0 0 0 0 0 0 0 0 0 0 0 0 0 0 0 0 0 0 0 0 0 0 0 0 0 0 0 0 0 0 0 0 0 0 0 0 0 0 125 0 0 113 0 0 125 0 0 0 0 0 0 0 113 126 0 111 123 0 11 126 0 0 0 0 0 0 0 0 0 0 0 0 0 0 126 48 49 0 0 0 0 0 0 111 0 0 11 0 61 62 113 0 0 0 0 11 0 0 0 61 62 0 8 0 126 0 0 0 0 0 0 0 0 0 0 0 0 0 11 0 11 0 0 0 0 0 0 0 0 0 0 0 0 0 0 0 0 0 0 0 0 0 0 0 0 0 0
0 0 8 0 0 0 0 0 0 0 0 0 0 0 0 0 0 0 0 0 0 0 0 0 0 0 0 0 0 0 0 0 0 0 0 0 0 0 0 110 136 0 0 0 0 0 0 8 0 0 0 8 0 0 0 0 0 0 0 0 0 0 0 0 125 132 0 124 125 0 0 0 0 0 0 8 0 0 61 62 0 126 0 126 0 0 48 49 8 0 0 0 0 0 0 0 0 11 8 0 0 0 0 127 0 125 112 0 0 0 0 0 0 0 0 0 0 0 0 0 0 0 0 0 0 0 0 0 0 0 0 0 0 0 0 0 0 0 0 0 0 0 0 0 0 0 0 0 0 0
0 48 49 0 0 0 0 0 0 0 0 0 0 0 0 0 0 0 0 0 0 0 0 0 0 0 0 0 0 0 0 0 0 0 0 0 0 0 0 0 126 0 0 0 113 0 0 0 0 0 0 0 0 0 0 0 0 123 0 0 48 49 0 111 0 0 0 0 126 0 0 125 127 0 0 0 0 0 0 0 0 0 0 0 0 0 61 62 0 0 0 0 0 0 0 0 0 8 0 113 0 0 0 0 111 0 0 0 0 0 0 0 0 0 0 0 0 0 0 0 0 0 0 0 0 0 0 0 0 0 0 0 0 0 0 0 0 0 0 0 0 0 0 0 0 0 0 0 0 0
0 61 62 112 0 0 0 0 0 0 0 0 0 0 0 0 0 0 0 0 0 0 0 0 0 0 0 0 0 0 0 0 0 0 0 0 0 0 0 0 0 0 0 0 0 0 0 0 0 0 0 0 0 0 0 0 0 126 0 125 61 62 124 0 0 127 111 0 0 0 0 0 0 0 48 49 0 0 0 0 0 0 0 0 0 0 124 0 110 0 0 0 0 125 48 49 0 0 112 0 0 0 0 0 0 124 127 0 0 0 0 0 0 0 0 0 0 0 0 0 0 0 0 0 0 0 0 0 0 0 0 0 0 0 0 0 0 0 0 0 0 0 0 0 0 0 0 0 0 0
0 0 124 0 0 0 0 0 0 0 0 0 0 0 0 0 0 0 0 0 0 0 0 0 0 0 0 0 0 0 0 0 0 0 0 0 0 0 0 0 123 0 0 0 0 0 0 0 0 0 0 0 0 0 0 0 0 0 0 111 0 0 0 111 0 0 0 0 0 0 0 0 0 0 61 62 0 8 0 0 0 0 0 0 0 0 0 110 0 0 0 48 49 0 61 62 0 0 127 11 0 0 0 0 0 0 0 0 113 0 0 0 0 0 0 0 0 0 0 0 0 0 0 0 0 0 0 0 0 0 0 0 0 0 0 0 0 0 0 0 0 0 0 0 0 0 0 0 0 0
0 0 0 0 0 0 0 0 0 0 0 0 0 0 0 0 0 0 0 0 0 0 0 0 0 0 0 0 0 0 0 0 0 0 0 0 0 0 0 0 0 0 0 0 0 0 0 0 0 0 0 0 0 0 0 0 0 0 0 0 0 8 0 0 132 48 49 0 0 0 0 0 0 0 0 0 0 0 0 0 0 0 0 0 0 0 0 0 0 0 0 61 62 0 0 125 0 0 0 0 0 0 0 0 0 126 0 0 0 0 0 0 0 0 0 0 0 0 0 0 0 0 0 0 0 0 0 124 0 0 0 0 0 0 0 0 0 0 0 0 0 0 0 0 0 0 0 0 0 0
0 8 0 0 0 0 0 0 0 0 0 0 0 0 0 0 0 0 0 0 0 0 0 0 0 0 0 0 0 0 0 0 0 0 0 0 0 0 112 111 0 0 124 0 0 0 0 0 0 0 0 0 0 0 0 0 0 0 0 0 0 0 0 0 0 61 62 0 0 0 123 0 0 0 48 49 0 8 0 0 0 0 0 0 0 0 0 0 0 0 126 0 0 0 0 0 0 0 0 0 0 0 0 0 0 0 11 0 0 0 0 0 0 0 0 0 0 0 0 0 0 0 0 0 0 0 126 0 111 0 0 0 0 0 0 0 0 0 0 0 0 0 0 0 0 0 0 0 0 0
0 0 0 0 0 0 0 0 0 0 0 0 0 0 0 0 0 0 0 0 0 110 124 127 0 0 0 0 0 0 0 0 0 0 0 0 0 0 0 0 0 0 0 0 0 0 0 0 0 0 0 0 0 0 0 0 0 0 0 0 0 0 0 0 127 0 0 0 0 0 111 11 0 0 61 62 0 0 0 0 0 0 0 0 0 0 0 0 0 0 0 0 0 0 123 125 0 0 11 0 0 0 0 0 0 0 124 11 0 0 0 0 0 0 0 0 0 0 0 0 0 0 0 0 111 0 0 0 0 0 124 11 0 110 112 0 0 0 0 0 0 0 0 0 0 0 0 0 0 0
0 0 0 0 0 0 0 0 0 0 0 0 0 0 0 0 0 0 0 124 0 0 0 133 0 0 0 0 0 0 0 0 0 0 0 0 0 0 0 0 0 133 124 0 0 0 0 0 0 0 0 0 0 0 0 0 0 0 0 0 0 0 0 0 0 113 0 112 0 0 8 0 0 0 124 0 0 0 0 0 0 0 0 0 0 0 0 0 0 0 0 0 0 0 0 0 0 0 48 49 0 0 112 0 0 0 0 0 0 0 0 0 0 0 0 0 0 0 0 0 0 0 0 0 0 0 112 127 0 0 0 0 0 125 0 0 0 0 0 0 0 0 0 0 0 0 0 0 0 0
0 0 0 0 0 0 0 0 0 0 0 0 0 0 0 0 0 0 127 0 112 112 112 0 124 0 0 0 0 0 0 0 0 0 0 0 125 0 0 0 0 0 0 123 0 0 0 0 0 0 0 0 0 0 0 0 0 0 0 0 0 0 0 124 0 126 0 0 123 0 0 0 0 0 11 0 0 0 0 0 0 0 0 0 0 0 0 0 0 0 0 0 0 0 0 0 0 0 61 62 0 0 48 49 0 0 0 0 0 0 0 0 0 0 0 0 0 0 0 0 0 0 0 0 0 123 0 0 0 0 0 0 123 0 0 0 110 0 0 0 0 0 0 0 0 0 0 0 0 0
0 0 0 0 0 0 0 0 0 124 0 124 110 8 0 0 0 0 0 0 0 112 11 8 0 48 49 0 125 0 0 0 0 0 0 0 48 49 0 111 0 112 0 0 113 0 0 0 0 0 0 0 0 0 0 0 0 0 0 0 0 48 49 0 0 48 49 8 125 0 0 0 0 0 0 0 0 0 0 0 0 0 0 0 0 0 0 0 0 0 0 0 0 127 48 49 0 112 0 0 0 8 61 62 0 11 0 0 0 0 0 0 0 0 0 0 0 0 0 0 0 0 0 0 0 136 11 0 124 123 0 0 124 0 8 112 126 0 0 0 0 0 0 0 0 0 0 0 0 0
0 0 0 0 0 0 0 0 0 8 0 0 0 0 0 0 0 0 123 0 0 0 0 0 8 61 62 0 0 0 0 0 125 0 0 0 61 62 0 0 127 0 0 11 0 0 0 0 0 0 0 0 0 0 0 0 0 0 0 0 124 61 62 0 0 61 62 0 0 0 11 0 0 0 0 0 0 0 0 0 0 0 0 0 0 0 0 0 0 0 0 0 0 0 61 62 0 8 0 0 126 11 8 0 0 0 0 0 0 0 0 0 0 0 0 0 0 0 0 0 0 0 0 0 48 49 0 0 126 0 0 0 0 0 111 0 0 0 0 0 0 0 0 0 0 0 0 0 0 0
0 0 0 0 0 0 0 0 127 0 0 0 0 0 0 0 0 0 0 127 0 0 125 0 124 0 0 0 0 0 0 0 0 0 0 126 0 0 0 127 126 48 49 125 125 0 124 0 0 0 0 0 0 0 0 0 0 0 0 0 0 0 0 0 0 0 0 0 0 0 0 0 0 0 0 0 0 0 0 0 0 0 0 0 0 0 0 0 0 0 0 0 0 111 0 11 124 110 11 0 0 0 0 0 0 0 0 0 0 0 0 0 0 0 0 0 0 0 0 0 123 0 0 0 61 62 0 0 48 49 0 0 8 0 0 0 124 0 11 0 0 0 0 0 0 0 0 0 0 0
0 0 0 0 0 0 0 0 0 0 123 0 0 0 111 0 126 8 0 48 49 112 0 0 11 0 0 0 111 127 8 0 0 110 0 0 0 126 0 125 123 61 62 0 48 49 0 0 0 0 0 0 0 0 0 0 0 0 0 0 0 48 49 0 0 0 8 0 11 111 127 125 0 0 0 0 0 0 0 0 0 0 0 0 0 0 0 0 0 0 0 0 0 0 0 0 0 0 0 0 0 0 0 0 0 0 0 0 0 0 0 0 0 0 0 0 0 0 0 0 0 0 0 0 0 113 0 0 61 62 0 0 125 125 0 11 0 0 0 0 0 0 0 0 0 0 0 0 0 0
0 0 0 0 0 0 126 0 0 0 0 0 0 126 0 0 0 8 0 61 62 0 0 123 0 0 111 132 125 0 111 0 124 0 0 127 0 48 49 0 0 0 126 0 61 62 0 0 126 0 0 0 0 0 0 0 0 0 0 126 0 61 62 8 0 0 0 133 0 0 0 0 0 0 0 0 0 0 0 0 0 0 0 0 0 0 0 0 0 0 0 0 0 0 0 110 0 0 0 0 0 0 0 0 0 0 0 0 0 0 0 0 0 0 0 0 0 126 0 111 0 127 0 0 48 49 0 0 124 0 0 0 0 0 0 124 0 0 0 0 0 0 0 0 0 0 0 0 0 0
0 0 0 0 0 11 0 11 0 0 0 0 125 0 0 0 0 0 110 0 0 0 0 0 111 0 123 48 49 0 48 49 0 0 0 0 0 61 62 0 127 0 126 0 0 0 0 127 0 124 0 0 0 0 0 0 0 0 0 0 11 0 113 0 137 0 0 0 110 0 0 0 0 0 0 0 0 0 0 0 0 0 0 0 0 0 0 0 0 0 0 0 0 0 0 127 0 0 0 0 0 0 0 0 0 0 0 0 0 0 0 0 0 0 0 0 0 0 0 0 113 0 126 125 61 62 0 0 0 0 0 0 0 112 0 0 0 0 0 135 0 0 0 0 0 0 0 0 0 0
0 0 0 0 0 0 0 127 135 123 0 0 0 123 0 0 0 0 0 0 0 0 0 0 0 110 0 61 62 0 61 62 0 0 0 0 0 125 0 0 110 123 0 0 0 0 127 136 0 0 0 0 0 0 0 0 0 0 113 0 0 0 8 0 0 135 0 0 0 0 0 0 0 0 0 0 0 0 0 0 0 0 0 0 0 0 0 0 0 0 0 0 0 0 0 0 0 8 0 124 0 0 0 0 0 0 0 0 0 0 0 0 0 0 0 113 0 113 123 0 0 0 124 112 0 0 123 0 0 0 0 0 0 0 0 0 0 0 0 0 0 0 0 0 0 0 0 0 0 0
0 0 0 0 0 0 0 0 111 0 0 0 0 0 0 0 0 0 0 0 0 0 0 137 124 0 0 0 0 0 0 0 0 0 0 124 0 123 0 124 0 0 0 48 49 0 0 0 0 0 0 0 0 0 0 0 0 0 0 0 113 0 0 0 0 0 0 0 0 0 0 0 0 0 0 0 0 0 0 0 0 0 0 0 0 0 0 0 0 0 0 0 0 0 0 0 0 112 111 0 0 0 0 0 0 0 0 0 0 0 0 0 0 0 0 0 0 0 0 123 0 0 0 0 0 0 0 0 0 0 0 0 0 48 49 0 0 0 0 132 0 0 0 0 0 0 0 0 0 0
0 0 0 0 0 0 48 49 0 0 0 0 0 0 0 0 0 0 0 0 0 0 0 125 127 0 112 0 0 0 0 0 110 0 0 0 0 127 0 0 113 0 112 61 62 124 0 0 0 0 0 0 0 8 0 0 124 0 0 0 0 0 0 0 0 0 0 0 0 0 0 0 0 0 0 0 0 0 0 0 0 0 0 0 0 0 0 0 0 0 0 0 0 0 0 0 125 0 0 0 0 0 0 0 0 0 0 0 0 0 0 0 0 0 111 0 0 110 111 0 0 0 124 0 0 0 0 0 0 0 0 0 0 61 62 8 0 0 0 0 0 0 0 0 0 0 0 0 0 0
0 125 0 123 0 0 61 62 0 0 112 0 0 0 0 0 0 0 0 0 0 0 0 0 0 0 0 137 0 0 0 0 0 0 0 126 0 0 0 111 0 0 0 0 125 0 0 0 111 0 0 0 48 49 0 0 0 125 0 0 0 0 0 0 0 0 0 0 0 0 0 0 0 0 0 0 0 0 0 0 0 0 0 0 0 0 0 0 0 0 0 0 0 0 0 0 0 125 0 0 0 0 0 0 0 0 0 0 0 0 0 0 0 0 0 0 125 0 0 112 0 0 0 0 0 48 49 0 0 11 0 127 0 0 0 0 0 0 125 0 0 0 0 0 0 0 0 0 0 0
0 0 126 0 0 0 11 126 124 0 0 0 0 0 0 0 0 0 0 0 0 0 0 0 0 110 113 110 0 0 111 0 0 0 0 0 0 0 0 0 0 0 48 49 0 0 0 0 48 49 0 0 61 62 0 0 48 49 113 0 0 0 0 0 0 0 0 0 0 0 0 0 0 0 0 0 0 0 0 0 0 0 0 0 0 0 0 0 0 0 0 0 0 0 0 124 126 0 125 0 0 0 0 0 0 0 0 0 0 0 0 0 0 8 0 125 0 0 0 0 124 124 0 0 0 61 62 134 0 126 0 0 0 0 0 0 0 0 0 0 0 0 0 0 0 0 0 0 0 0
0 0 0 0 112 0 0 0 0 0 112 0 0 0 0 0 0 0 0 0 0 0 0 0 0 0 0 0 111 133 125 0 111 11 0 123 0 0 0 0 0 0 61 62 0 0 0 0 61 62 0 0 0 111 0 0 61 62 0 123 0 0 0 0 0 0 0 0 0 0 0 0 0 0 0 0 0 0 0 0 0 0 0 0 0 0 0 0 0 0 0 0 0 0 0 0 0 111 0 0 123 0 0 0 0 0 0 0 0 0 0 0 0 0 0 127 0 48 49 0 0 0 0 0 0 0 0 0 0 0 0 0 124 111 0 0 0 0 0 0 0 0 0 0 0 0 0 0 0 0
0 113 0 0 0 110 0 0 0 0 0 0 0 0 0 0 0 0 0 0 0 0 0 0 0 0 0 0 126 0 126 0 0 123 11 0 0 112 127 0 0 0 0 0 0 111 0 0 0 125 0 0 0 0 0 0 0 0 11 132 0 0 0 0 0 0 0 0 0 0 0 0 0 0 0 0 0 0 0 0 0 0 0 0 0 0 0 0 0 0 0 0 0 0 0 0 0 0 0 0 11 0 0 0 0 0 0 0 0 0 0 111 0 0 111 0 0 61 62 111 0 0 0 0 112 0 0 113 0 48 49 0 0 0 0 0 0 0 0 0 0 0 0 0 0 0 0 0 0 0
0 0 0 11 0 0 0 112 0 113 112 124 110 0 0 0 0 0 0 0 0 0 0 0 0 0 0 0 0 127 0 0 0 0 0 8 11 0 0 0 0 0 0 0 124 0 48 49 0 0 0 0 113 0 0 0 0 0 0 0 0 0 0 0 0 0 0 0 0 0 0 0 0 0 0 0 125 0 112 0 0 0 0 0 0 0 0 0 0 0 0 0 123 0 0 0 0 124 48 49 0 0 0 0 0 0 0 0 0 0 136 0 0 125 0 123 0 0 127 0 0 0 8 0 0 0 0 0 0 61 62 0 0 0 0 126 112 0 0 0 0 0 0 0 0 0 0 0 0 0
11 0 0 0 135 0 0 0 48 49 0 0 0 0 0 0 0 0 0 0 0 0 0 0 0 0 0 0 0 110 8 0 0 0 0 125 0 0 0 0 0 0 0 0 0 11 61 62 0 0 0 124 0 0 0 0 113 0 0 0 0 0 0 0 0 0 0 0 0 0 0 0 0 0 0 0 0 0 134 111 0 0 0 0 0 0 0 0 0 0 0 0 0 0 0 48 49 0 61 62 0 0 0 111 0 0 0 0 0 0 0 0 0 8 0 0 0 123 0 111 8 8 0 0 0 0 0 0 0 0 0 0 0 0 0 0 124 0 0 0 0 0 0 0 0 0 0 0 0 0
110 132 112 48 49 0 0 0 61 62 0 127 0 0 0 0 0 0 0 0 0 0 0 0 0 0 0 0 0 0 0 0 0 0 11 0 0 0 0 0 0 0 0 0 0 0 124 0 0 0 0 48 49 8 0 0 0 127 0 0 0 0 0 0 0 0 0 0 0 0 0 0 0 0 0 0 0 0 0 123 0 0 0 0 0 0 0 0 0 0 0 0 8 123 0 61 62 0 8 0 0 0 0 0 0 0 0 0 127 0 0 136 0 126 0 0 111 0 0 0 125 0 0 0 0 0 0 0 0 0 0 0 0 111 0 0 123 0 0 0 0 0 0 0 0 0 0 0 0 0
110 0 0 61 62 0 0 0 0 0 0 0 0 0 0 0 0 0 0 0 0 0 0 0 0 0 0 0 0 0 0 0 0 0 0 0 0 0 0 0 0 0 0 0 0 0 110 0 127 0 0 61 62 0 11 126 0 125 0 0 0 0 0 0 0 0 0 0 0 0 0 0 0 0 0 123 112 125 125 0 0 0 0 0 0 0 0 0 0 0 0 0 0 0 0 0 0 0 110 0 110 0 11 0 112 0 0 124 0 0 123 111 0 0 0 0 0 0 11 0 0 0 0 0 0 0 0 0 0 0 0 0 0 0 0 0 0 0 0 0 0 0 0 0 0 0 0 0 0 0
0 0 0 8 0 0 0 48 49 0 125 0 0 0 0 112 0 0 0 0 0 0 0 0 0 0 0 0 0 0 0 0 0 0 0 0 0 0 0 0 0 0 0 0 0 0 0 127 0 0 0 0 0 0 0 0 0 0 0 112 0 0 0 0 0 0 0 0 0 0 0 0 0 0 0 110 0 0 0 123 126 123 112 110 0 0 0 0 0 0 0 0 0 0 0 0 123 124 0 124 0 0 0 0 0 0 11 134 0 11 0 111 0 0 0 0 0 0 0 0 0 0 0 0 0 0 0 0 0 0 0 8 112 0 0 0 0 0 0 0 0 0 0 0 0 0 0 0 0 0
0 0 110 0 0 123 113 61 62 0 112 0 127 0 0 0 124 0 0 0 0 0 0 0 0 0 0 0 0 0 0 0 0 0 0 0 0 0 0 0 0 0 0 0 0 0 0 0 0 0 0 0 113 0 124 0 127 8 124 0 0 0 0 0 0 0 0 0 0 0 0 0 0 0 0 0 11 11 0 110 0 0 0 0 0 0 0 0 0 0 125 0 0 0 123 0 0 110 112 110 0 0 0 0 126 111 0 0 0 0 123 0 0 8 0 0 0 0 0 0 0 0 0 0 0 0 0 0 0 0 124 0 0 48 49 0 0 0 0 0 0 0 0 0 0 0 0 0 0 0
0 0 0 0 0 0 8 136 0 0 0 0 48 49 123 0 0 0 0 0 0 0 0 0 0 0 0 0 0 0 0 0 0 0 0 0 0 0 0 0 0 0 0 0 0 0 0 0 0 0 0 0 113 0 136 0 0 0 0 0 0 0 0 0 0 0 0 0 0 0 0 0 0 0 0 0 0 0 0 0 0 0 0 0 0 0 0 0 0 135 48 49 0 0 111 0 0 48 49 123 0 0 0 0 0 136 8 0 0 8 0 0 124 0 11 134 126 0 0 0 0 0 0 0 0 0 0 0 0 0 11 0 0 61 62 0 0 0 0 0 0 0 0 0 0 0 0 0 0 0
136 0 0 0 0 0 0 0 0 123 8 0 61 62 0 0 0 0 0 0 0 0 0 0 0 0 0 0 0 0 0 0 0 0 0 0 0 0 0 0 0 0 0 0 0 0 0 0 0 0 0 0 0 11 0 0 0 0 0 0 0 0 0 0 0 0 0 0 0 0 0 0 0 0 0 0 123 0 0 133 0 0 0 0 0 0 0 0 0 0 61 62 0 48 49 0 0 61 62 0 0 113 0 0 0 0 0 0 0 125 0 0 8 0 0 0 0 0 0 0 0 0 0 0 0 0 0 0 0 0 0 0 0 0 0 0 0 0 0 0 0 0 0 0 0 0 0 0 0 0
0 111 0 48 49 112 0 111 126 0 127 8 0 0 0 110 124 0 0 0 0 0 0 0 0 0 0 0 0 0 0 0 0 0 0 0 0 0 0 0 0 0 0 0 0 0 0 0 0 0 0 123 0 0 0 126 8 0 0 0 0 0 0 0 0 0 0 0 0 0 0 0 0 0 0 0 0 125 0 0 0 0 0 0 0 0 0 0 0 110 0 0 0 61 62 0 0 0 124 0 125 0 0 0 0 0 0 0 0 0 0 0 0 0 0 0 0 0 0 0 0 0 0 0 0 0 0 0 0 111 0 0 0 8 110 0 11 0 0 0 0 0 0 0 0 0 0 0 0 0
113 0 0 61 62 0 0 0 48 49 126 48 49 0 0 0 124 112 8 0 0 0 0 0 0 0 0 0 0 0 0 0 0 0 0 0 0 0 0 0 0 0 0 0 0 0 0 0 0 0 0 0 0 0 112 0 0 0 0 0 0 0 0 0 0 0 0 0 0 0 0 0 0 0 0 0 0 0 0 0 0 0 0 0 0 0 0 0 0 0 0 126 0 0 0 0 0 0 127 0 0 0 0 0 0 0 0 0 0 0 0 0 0 0 0 0 0 0 0 0 0 0 0 0 0 0 0 0 0 0 123 113 0 0 0 125 0 0 124 0 0 0 0 0 0 0 0 0 0 0
0 0 0 0 0 0 0 0 61 62 0 61 62 0 111 0 0 0 0 0 0 0 0 0 0 0 0 0 0 0 0 0 0 0 0 0 0 0 0 0 0 0 0 0 0 0 0 0 0 0 0 0 0 0 0 0 0 0 0 0 0 0 0 125 0 112 0 0 0 0 0 0 0 0 0 0 0 0 0 0 0 0 0 0 0 0 0 0 0 0 0 0 0 0 0 0 0 0 0 0 0 0 0 0 0 0 0 0 0 0 0 0 0 0 0 0 0 0 0 0 0 0 0 0 0 0 0 0 0 0 0 0 0 0 0 11 127 0 0 0 0 0 0 0 0 0 0 0 0 0
0 126 0 0 0 0 124 0 113 0 0 0 0 125 0 0 0 48 49 0 0 0 0 0 0 0 0 0 0 0 0 0 0 0 0 0 0 0 0 0 0 0 0 0 0 0 0 0 0 0 0 0 0 0 0 0 0 0 0 0 0 0 0 0 0 111 0 0 0 0 0 0 0 0 0 0 0 0 0 0 0 0 0 0 0 0 0 0 0 0 0 0 0 0 0 0 0 0 0 0 0 0 0 0 0 0 0 0 0 0 0 0 0 0 0 0 0 0 0 0 0 0 0 0 0 0 127 0 0 11 0 0 0 0 123 111 0 0 0 0 0 0 0 0 0 0 0 0 0 0
0 0 110 0 0 110 126 111 0 111 0 0 125 0 0 113 0 61 62 0 0 111 0 0 0 0 0 0 0 0 0 0 0 0 0 0 0 0 0 0 0 0 0 0 0 0 0 0 0 0 0 0 0 0 0 0 0 0 0 0 0 0 0 0 0 124 48 49 0 124 0 0 0 0 0 0 0 0 0 0 0 0 0 0 0 0 0 0 0 0 0 0 0 0 0 0 0 0 0 0 0 0 0 0 0 0 0 0 0 0 0 0 0 0 0 0 0 0 0 0 0 0 0 0 0 0 0 124 123 127 0 48 49 0 112 110 0 123 127 0 0 0 0 0 0 0 0 0 0 0
123 0 0 0 0 111 124 0 111 0 133 0 0 0 110 0 0 0 0 0 0 0 110 0 0 0 0 0 0 0 0 0 0 0 0 0 0 0 0 0 0 0 0 0 0 111 0 0 0 0 0 0 0 0 0 0 0 0 0 0 0 0 0 8 0 113 61 62 0 8 0 0 0 0 0 0 0 0 0 0 0 0 0 0 0 0 0 0 0 0 0 0 0 0 0 0 0 0 0 0 0 0 0 0 0 0 0 0 0 0 0 0 0 0 0 0 0 0 0 0 0 0 0 0 0 0 113 0 0 0 0 61 62 126 0 123 0 0 11 0 124 0 0 0 0 0 0 0 0 0
0 0 0 0 0 111 0 113 0 0 0 123 113 0 0 0 0 48 49 11 125 0 0 0 110 127 0 0 0 0 0 0 0 0 0 0 0 0 0 0 0 0 0 0 0 0 0 0 8 0 0 0 0 0 0 0 0 0 0 0 0 0 0 8 0 8 125 110 0 8 0 0 127 0 0 0 0 0 0 0 0 0 0 0 0 0 0 0 0 0 0 0 0 0 0 0 0 0 0 0 0 0 0 0 0 0 0 0 0 0 0 0 0 0 0 0 0 0 0 0 0 0 0 0 125 112 0 0 0 0 0 0 110 0 113 0 0 0 0 8 0 0 0 0 0 0 0 0 0 0
110 0 0 0 0 0 0 113 8 0 0 0 125 0 0 0 127 61 62 0 0 111 0 48 49 127 0 0 0 0 0 0 0 0 0 0 0 0 0 0 0 0 0 0 124 0 0 0 126 0 0 0 0 0 0 0 0 0 0 0 0 0 125 48 49 0 0 0 0 0 0 0 0 0 0 0 0 0 0 0 0 0 0 0 0 0 0 0 0 0 0 0 0 0 0 0 0 0 0 0 0 0 0 0 0 0 0 0 0 0 0 0 0 0 0 0 0 0 0 0 0 0 0 126 0 0 0 0 0 48 49 0 0 0 0 124 0 0 0 125 125 0 0 0 0 0 0 0 0 0
0 124 0 0 0 48 49 0 0 0 0 0 0 0 0 110 0 0 0 113 48 49 124 61 62 0 0 0 0 0 0 0 0 0 0 0 0 0 0 0 0 0 0 0 0 111 0 0 0 0 0 0 0 0 0 0 0 0 0 0 0 11 0 61 62 0 0 110 0 0 0 48 49 0 11 0 0 0 0 0 0 0 0 0 0 0 0 0 0 0 0 0 0 0 0 0 0 0 0 0 0 0 0 0 0 0 0 0 0 0 0 0 0 0 0 0 0 0 0 0 0 125 0 0 0 0 0 110 8 61 62 0 127 0 8 124 0 0 0 0 0 0 0 0 0 0 0 0 0 0
0 0 48 49 0 61 62 0 0 112 0 112 0 0 0 0 0 0 0 0 61 62 0 0 0 0 0 0 0 0 0 0 0 0 0 0 0 0 0 0 0 0 0 0 0 8 0 0 0 0 0 0 0 0 0 0 0 0 0 0 0 0 0 0 0 0 0 127 0 0 0 61 62 126 0 0 0 0 0 0 0 0 0 0 0 0 0 0 127 0 0 0 0 0 0 0 0 0 0 0 0 0 0 0 0 0 124 125 0 0 0 0 0 0 0 0 0 0 0 0 0 0 110 0 0 0 0 0 111 0 0 0 0 0 127 0 0 0 0 0 0 0 0 0 0 0 0 0 0 0
0 125 61 62 0 126 126 0 127 113 0 0 0 0 0 0 0 0 126 0 0 0 0 0 0 0 0 0 0 0 0 0 0 0 0 0 0 0 0 0 0 0 0 0 0 0 125 0 0 0 0 0 0 0 0 0 0 0 0 0 0 0 0 48 49 112 110 125 48 49 0 0 0 0 0 0 0 0 0 0 0 0 0 0 0 0 0 0 126 0 0 0 0 0 0 0 0 0 0 0 0 0 0 0 0 8 0 0 0 0 110 0 0 0 0 0 0 0 0 0 0 0 0 8 136 0 0 0 0 0 0 0 125 0 0 0 0 0 0 0 0 0 0 0 0 0 0 0 0 0
0 0 112 135 0 0 0 0 0 0 0 0 0 0 0 0 0 0 0 8 0 0 0 0 0 0 0 111 0 0 0 0 0 0 0 0 0 0 0 0 0 0 0 0 0 0 0 0 0 0 0 0 0 0 0 0 0 0 0 0 0 0 0 61 62 126 0 8 61 62 127 0 0 0 0 0 0 0 0 0 0 0 0 0 0 0 0 0 0 0 0 0 8 0 0 0 0 0 0 0 110 0 125 0 0 124 0 0 0 0 0 11 113 0 0 0 0 0 0 0 0 0 0 0 0 0 0 0 0 0 125 0 0 0 0 0 0 0 0 0 0 0 0 0 0 0 0 0 0 0
0 0 0 48 49 0 0 0 0 0 0 0 0 0 0 0 0 0 0 0 0 11 0 0 111 113 110 0 0 0 127 0 0 0 0 0 0 0 0 0 0 0 0 0 0 0 0 0 0 0 0 0 0 0 0 0 0 0 0 0 0 113 0 0 0 0 0 0 0 0 0 0 0 0 0 0 0 0 0 0 0 0 0 113 0 0 0 0 110 0 0 0 0 123 0 0 0 0 0 0 0 0 0 0 0 0 0 0 113 112 0 11 0 0 0 0 0 0 0 0 0 0 0 0 0 0 0 111 0 0 0 0 0 0 0 0 0 0 0 0 0 0 0 0 0 0 0 0 0 0
0 0 111 61 62 113 0 0 0 0 0 0 0 0 0 0 0 0 0 0 0 0 0 0 124 0 0 0 0 0 113 123 0 0 0 0 0 0 0 0 0 0 0 0 0 0 0 0 0 0 0 0 0 0 0 0 0 111 112 125 111 0 48 49 0 127 11 111 0 8 111 0 48 49 0 0 0 0 0 0 0 0 0 0 123 124 0 111 0 110 0 126 127 0 0 48 49 0 124 0 126 112 8 0 0 0 0 8 0 0 0 0 125 0 0 0 0 0 0 0 0 0 0 0 0 0 0 0 0 0 0 0 0 0 0 0 0 0 0 0 0 0 0 0 0 0 0 0 0 0
110 110 0 0 113 0 0 0 0 0 0 0 0 0 0 0 0 0 0 0 0 0 0 0 0 0 113 0 0 0 0 0 0 0 0 0 0 0 0 0 0 0 0 0 0 0 0 0 133 0 0 0 0 126 0 123 0 0 0 0 11 0 61 62 0 0 0 0 0 0 0 0 61 62 113 0 0 0 0 0 0 0 0 0 0 111 0 0 0 0 0 0 125 0 0 61 62 0 0 0 0 111 0 0 0 0 124 0 8 0 0 0 0 0 0 0 0 0 0 0 0 0 0 0 0 0 0 0 0 0 0 0 0 0 0 0 0 0 0 0 0 0 0 0 0 0 0 0 0 0
8 0 0 0 0 0 0 0 0 0 0 0 0 0 0 0 0 0 0 0 0 110 123 0 0 0 0 0 0 48 49 0 0 0 0 0 0 0 0 0 0 0 0 0 0 0 0 0 0 0 0 0 0 124 0 0 0 110 0 126 0 0 113 11 124 0 0 0 0 0 0 0 0 0 0 127 0 0 0 0 0 0 126 0 11 0 0 0 0 123 8 0 0 0 0 0 0 0 0 0 0 0 0 0 0 127 0 48 49 0 0 134 0 110 0 0 0 0 0 0 0 0 0 0 0 0 0 0 0 0 0 0 0 0 0 0 0 0 0 0 0 0 0 0 0 0 0 0 0 0
0 125 0 0 0 0 0 0 0 0 0 0 0 0 0 0 0 0 0 0 0 0 0 0 0 0 0 0 111 61 62 0 112 0 0 0 0 0 0 0 0 0 0 0 0 0 0 0 0 0 0 8 124 0 0 0 111 111 0 0 11 112 48 49 8 0 0 48 49 0 0 48 49 126 0 0 0 0 0 0 0 0 0 0 0 0 48 49 0 48 49 0 0 0 0 0 0 0 110 0 0 0 0 0 0 0 0 61 62 0 0 0 0 125 0 126 0 0 0 0 0 0 0 0 0 0 0 0 0 0 0 0 0 0 0 0 0 0 0 0 0 0 0 0 0 0 0 0 0 0
48 49 0 0 111 112 0 0 0 0 0 0 0 0 0 0 0 0 0 0 0 0 0 0 0 0 0 0 8 0 0 0 0 0 0 0 0 0 0 0 0 0 0 0 0 0 123 0 110 0 0 0 0 0 11 0 113 0 0 0 0 0 61 62 125 0 110 61 62 0 0 61 62 0 0 0 0 0 0 0 0 0 0 0 0 112 61 62 125 61 62 0 123 0 11 0 125 0 0 0 0 0 0 0 0 0 0 0 110 0 0 0 11 0 112 0 0 0 0 0 0 0 0 0 0 0 0 0 0 0 0 0 0 0 0 0 0 0 0 0 0 0 0 0 0 0 0 0 0 0
61 62 0 0 0 11 0 0 0 0 0 0 0 0 0 0 0 0 0 0 0 0 0 0 0 0 0 136 0 0 8 112 0 0 0 0 0 0 0 0 0 0 0 0 0 0 111 0 0 0 110 0 110 0 0 0 127 0 48 49 0 110 0 0 0 0 0 0 0 11 0 0 0 0 0 0 0 0 0 0 0 0 0 0 125 0 0 0 0 0 0 0 0 127 0 0 0 0 0 0 0 0 0 0 0 127 0 0 0 48 49 0 0 0 0 0 0 0 0 0 0 0 0 0 0 0 0 0 0 0 0 0 0 0 0 0 0 0 0 126 0 0 0 0 0 0 0 0 0 0
124 127 0 0 0 0 123 0 0 0 0 0 0 0 0 0 0 0 0 0 0 0 0 0 0 0 0 0 0 0 0 0 0 0 0 0 0 0 0 0 0 0 0 0 0 0 0 0 0 127 48 49 111 126 0 0 134 0 61 62 0 11 0 0 48 49 127 0 0 124 0 0 0 0 0 0 0 0 0 0 0 0 0 0 113 0 0 0 0 0 48 49 0 0 0 113 0 0 0 0 0 0 0 0 0 0 0 11 0 61 62 0 0 48 49 0 127 0 0 0 0 0 0 0 0 0 0 0 0 0 0 0 0 0 0 0 0 0 0 0 0 8 0 0 0 0 0 0 0 0
0 0 0 8 0 0 0 0 0 0 0 0 0 0 0 0 0 0 0 0 0 0 0 0 0 0 0 0 0 0 0 0 0 0 0 0 0 0 0 0 0 0 0 0 0 8 0 0 0 0 61 62 0 0 0 0 0 0 125 0 0 0 0 0 61 62 133 124 0 0 0 0 111 0 0 0 0 0 0 0 0 0 0 0 0 0 0 0 111 0 61 62 0 0 0 0 0 0 0 0 0 0 0 0 0 0 0 0 0 0 11 0 11 61 62 0 0 0 0 0 0 0 0 0 0 0 0 0 0 0 0 0 0 0 0 0 11 0 0 0 0 0 0 0 0 0 0 0 0 0
0 48 49 0 123 127 0 0 0 0 0 0 0 0 0 0 0 0 0 0 0 0 0 0 0 0 0 0 0 0 0 0 0 0 0 0 0 0 0 0 0 0 0 0 0 0 113 48 49 0 0 11 0 0 0 126 0 0 124 0 134 8 127 0 0 0 0 111 125 0 0 111 0 0 0 0 0 0 0 0 0 0 0 0 113 111 112 0 0 8 0 0 123 0 0 0 0 0 0 0 0 0 0 0 0 0 0 0 0 0 0 0 0 123 11 0 0 0 0 0 0 0 0 0 0 0 0 0 0 0 0 0 0 0 0 0 0 0 0 0 111 112 0 0 0 0 0 0 0 0
0 61 62 0 124 110 0 0 0 112 0 0 0 0 0 0 0 0 0 0 0 0 0 0 0 0 0 0 0 0 0 0 0 0 0 0 0 0 0 0 0 0 0 0 0 110 124 61 62 0 0 0 0 0 0 0 113 124 127 112 0 133 0 0 0 0 0 0 0 0 111 0 113 0 0 0 0 0 0 0 0 0 0 0 0 113 0 0 0 0 0 0 0 0 0 0 0 0 0 0 0 0 0 0 0 0 0 0 0 0 0 0 0 0 0 0 0 0 0 0 0 0 125 0 0 0 0 0 0 0 0 0 0 0 0 0 135 0 0 0 0 110 0 113 0 0 0 0 0 0
0 127 0 0 0 134 0 0 0 110 112 0 0 0 0 0 0 0 0 0 0 0 0 0 0 0 0 0 0 0 0 0 0 0 0 0 0 0 0 0 0 0 0 0 0 0 0 0 0 0 0 112 0 0 0 0 0 48 49 0 0 0 0 0 0 0 0 0 0 0 0 0 0 8 124 0 0 0 0 0 0 0 0 0 0 0 0 111 8 0 127 0 0 0 0 0 0 0 0 0 0 0 0 0 0 0 0 0 124 0 48 49 0 48 49 0 0 124 0 0 0 0 0 0 0 0 0 0 0 0 0 0 0 0 0 0 125 0 0 0 0 0 112 0 0 0 0 0 0 0
0 0 0 0 113 0 0 0 0 0 126 0 0 0 0 0 0 0 0 0 0 0 0 0 0 0 0 0 0 0 0 0 0 0 0 0 0 0 0 0 0 0 0 0 0 0 0 0 11 0 0 124 0 11 124 0 110 61 62 113 0 0 0 0 0 0 0 0 0 0 0 8 111 0 0 0 0 0 0 0 0 0 0 0 0 113 0 0 125 126 0 0 0 0 0 0 0 0 0 0 0 0 0 0 0 0 0 0 0 124 61 62 0 61 62 111 0 0 0 0 112 0 8 0 0 0 0 0 0 0 0 0 0 0 0 0 0 0 0 0 0 11 0 0 0 0 0 0 0 0
112 0 127 0 0 11 0 0 0 0 0 0 0 0 123 110 0 0 0 0 0 0 0 0 0 0 0 0 0 111 0 0 0 0 0 0 0 0 0 0 0 0 0 0 0 0 112 112 0 0 0 0 112 0 0 113 0 110 0 0 0 0 0 0 0 0 0 0 0 0 0 0 126 0 0 0 0 0 0 0 0 0 0 0 0 11 124 0 0 0 0 0 0 0 0 0 0 0 0 0 0 0 0 0 0 0 0 0 0 0 125 124 0 127 126 0 124 0 0 0 0 0 0 0 0 0 0 0 0 0 0 0 0 0 0 0 0 127 0 0 125 0 127 0 0 0 0 0 0 0
0 0 0 0 0 0 0 123 124 48 49 0 0 0 110 124 11 0 0 0 0 0 0 0 0 0 0 0 0 0 125 126 0 0 0 0 0 0 0 0 0 0 0 0 0 0 0 0 0 0 0 0 0 136 0 0 0 0 0 0 0 0 0 0 0 0 0 0 0 0 0 0 0 8 110 0 0 0 0 0 0 0 0 0 0 0 0 11 0 0 0 0 0 0 0 0 0 0 0 0 0 0 0 0 0 11 0 111 0 0 0 0 0 8 0 0 110 0 111 0 0 0 0 0 0 0 0 0 0 0 0 0 0 0 0 0 0 0 0 0 0 0 0 0 0 0 0 0 0 0
112 8 0 0 113 110 127 0 126 61 62 127 0 0 0 126 0 48 49 125 0 0 0 0 0 0 0 110 0 127 0 0 126 0 0 0 0 0 0 0 0 0 0 0 0 0 0 0 0 0 0 0 11 0 0 0 0 111 0 0 0 0 0 0 0 0 0 0 126 0 111 0 0 124 0 8 11 0 0 0 0 0 0 0 0 0 0 0 0 0 0 0 0 0 0 0 0 0 0 0 0 0 0 0 0 0 0 0 0 0 0 48 49 125 0 0 0 0 126 0 0 0 0 0 0 0 0 0 0 0 0 0 0 0 0 0 0 0 0 126 113 124 0 0 0 0 0 0 0 0
111 0 0 0 110 0 126 0 113 0 0 127 0 0 0 0 0 61 62 0 110 111 110 0 0 48 49 0 0 0 0 0 127 0 0 0 0 0 0 0 0 0 0 0 0 0 0 0 0 11 0 48 49 0 0 0 124 0 0 0 0 0 0 0 0 0 0 0 0 0 0 0 0 0 8 0 0 0 0 0 0 0 0 0 0 0 0 0 0 0 0 0 0 0 0 0 0 0 0 0 0 0 0 0 0 0 0 0 112 126 0 61 62 0 0 0 127 0 0 0 0 0 0 0 0 0 0 0 0 0 0 0 0 0 0 0 0 0 0 0 0 0 0 0 0 0 0 0 0 0
0 0 0 0 11 0 48 49 0 0 0 0 0 0 127 0 0 0 0 113 0 0 0 0 0 61 62 0 48 49 125 124 48 49 0 0 0 0 0 0 0 0 0 0 0 0 0 0 0 0 0 61 62 0 0 0 0 0 0 0 0 0 0 0 0 0 0 0 123 0 0 0 0 0 0 0 0 0 125 0 0 0 0 0 0 0 0 0 0 0 0 0 0 0 0 0 0 0 0 0 0 0 0 111 0 0 0 0 0 0 111 123 0 127 0 126 0 0 0 0 0 0 0 0 0 0 0 0 0 0 0 0 0 0 0 0 0 0 0 0 0 0 0 0 0 0 0 0 0 0
48 49 124 0 0 0 61 62 0 0 0 0 0 0 123 0 0 0 123 112 0 0 0 125 0 0 0 126 61 62 0 0 61 62 0 0 0 0 0 0 0 0 0 0 0 0 0 11 0 0 0 0 0 0 124 0 0 0 0 0 0 0 0 0 0 0 0 0 0 127 0 0 0 0 0 0 0 11 0 8 0 0 0 0 0 0 0 0 0 0 0 0 0 0 0 0 0 0 0 0 0 0 0 8 0 0 0 126 112 0 0 0 0 0 0 0 124 0 0 0 0 0 0 0 0 0 0 0 0 0 0 0 0 0 0 0 0 0 0 0 0 0 0 0 0 0 0 0 0 0
61 62 8 0 0 0 123 0 0 0 0 113 0 123 0 0 0 112 0 0 0 0 0 0 0 125 0 0 0 0 0 127 0 0 0 0 0 0 0 0 0 0 0 0 0 0 0 0 0 134 0 0 0 0 0 0 0 0 0 0 0 0 0 0 0 0 0 0 0 0 0 112 0 0 0 0 0 0 0 0 111 0 0 0 0 0 0 0 0 0 0 0 0 0 0 0 0 0 0 0 0 0 0 8 113 8 0 0 110 125 0 113 0 0 126 0 0 0 0 0 0 0 0 0 0 0 0 0 0 0 0 0 0 0 0 0 0 0 0 0 0 0 0 0 0 0 0 8 0 0
123 0 0 0 0 127 0 135 0 133 126 0 0 0 0 0 113 125 0 0 0 0 0 11 125 127 0 0 0 0 0 125 0 0 0 0 0 0 0 0 0 0 0 0 0 0 0 0 125 0 0 0 0 0 0 0 0 0 0 0 0 0 0 0 0 0 0 0 0 0 0 48 49 0 0 8 0 0 0 0 0 0 0 0 0 0 0 0 0 0 0 0 0 0 0 0 0 0 0 0 0 0 0 0 0 0 0 0 127 0 127 8 0 0 0 0 0 0 0 0 0 0 0 0 0 0 0 0 0 0 0 0 0 0 0 0 0 0 0 0 0 0 0 0 0 0 0 0 0 0
0 125 0 48 49 0 123 0 0 0 0 0 0 0 0 0 0 0 126 0 0 0 0 113 0 0 48 49 0 0 0 0 0 0 0 0 0 0 0 0 0 0 0 0 0 0 0 0 0 112 0 0 0 0 0 0 0 0 0 0 0 0 0 0 0 0 0 0 0 0 0 61 62 0 0 0 0 48 49 8 0 0 0 0 0 0 0 0 0 0 0 0 0 0 0 0 0 0 0 0 0 0 0 0 0 112 0 0 113 0 0 48 49 0 0 0 0 0 0 0 0 0 0 0 0 0 0 0 0 0 0 0 0 0 0 0 0 0 0 0 0 0 0 0 0 0 0 0 0 0
0 0 0 61 62 0 0 0 0 127 0 0 0 0 0 0 0 124 0 0 111 11 0 0 0 0 61 62 0 0 0 0 0 125 0 0 0 0 0 0 0 0 0 0 0 0 0 0 0 0 0 112 0 0 0 0 0 0 0 0 0 0 0 0 0 0 0 0 0 110 0 0 0 0 0 0 0 61 62 0 124 0 0 0 0 0 0 0 0 0 0 0 0 0 0 0 0 0 0 0 0 0 113 0 0 0 0 0 0 0 0 61 62 0 0 0 0 0 0 0 0 0 0 0 0 0 0 0 0 0 0 0 0 0 0 0 0 0 0 0 0 0 110 48 49 0 0 0 0 0
0 127 0 8 0 0 0 0 0 0 0 0 0 0 0 0 0 0 0 0 0 0 0 48 49 0 0 0 125 0 126 0 112 0 0 0 0 0 0 0 0 0 0 0 0 0 0 0 0 0 127 0 0 0 0 0 0 0 0 0 0 0 0 0 0 0 0 0 0 123 0 0 126 0 0 112 0 0 124 0 0 0 0 0 0 0 0 0 0 0 0 0 0 0 0 0 0 0 0 0 0 111 0 126 0 0 0 0 0 0 113 0 0 0 0 0 0 0 0 0 0 0 0 0 0 0 0 0 0 0 0 0 0 0 0 0 0 0 0 0 0 11 112 61 62 0 125 0 112 0
0 0 125 124 0 0 0 0 0 0 0 0 0 0 0 0 0 126 0 0 0 0 0 61 62 0 0 0 48 49 0 0 0 0 0 0 0 0 0 0 0 0 0 0 0 0 0 0 0 111 48 49 11 0 0 0 0 0 0 0 0 0 0 0 0 0 0 0 0 126 0 0 0 0 0 0 0 0 127 0 0 0 0 0 0 0 0 0 0 0 0 0 0 0 0 0 0 0 0 0 0 0 0 0 0 0 0 126 0 0 127 127 127 0 0 0 0 0 0 0 0 0 0 0 0 0 0 0 0 0 0 0 0 0 0 0 0 0 0 0 0 0 0 0 0 11 8 0 0 0
126 0 0 0 0 0 0 0 0 0 0 0 0 0 0 0 0 0 0 126 0 11 8 113 0 0 0 0 61 62 0 0 0 0 0 0 0 0 0 0 0 0 0 0 0 0 0 0 126 0 61 62 110 0 0 126 0 0 0 0 0 0 0 0 0 0 0 0 0 112 126 0 0 0 110 0 0 123 0 0 0 0 0 0 0 0 0 0 0 0 0 0 0 0 0 0 0 0 0 113 110 0 0 0 0 0 0 0 0 0 0 0 0 0 0 0 0 0 0 0 0 0 0 0 0 0 0 0 0 0 0 0 0 0 0 0 0 0 0 0 0 0 48 49 112 124 0 8 0 112
0 0 0 11 113 0 0 48 49 111 0 0 0 0 0 0 0 0 0 11 0 11 0 0 0 111 0 112 0 0 0 0 0 0 0 0 0 0 0 0 0 0 0 0 0 0 0 0 0 0 0 0 0 113 0 0 0 0 0 0 0 0 0 0 0 0 0 0 0 111 0 0 0 0 125 0 127 0 0 0 0 0 0 0 0 0 0 0 0 0 0 0 0 0 0 0 0 0 0 0 0 0 0 48 49 0 0 0 126 0 0 0 0 0 0 0 0 0 0 0 0 0 0 0 0 0 0 0 0 0 0 0 0 0 0 0 0 0 0 0 111 0 61 62 0 0 0 0 0 0
0 0 0 0 0 11 0 61 62 0 0 0 0 0 0 0 0 0 0 0 0 126 0 124 0 8 0 0 0 11 0 0 0 0 0 0 0 0 0 0 0 0 0 0 0 0 111 0 126 0 0 0 0 0 0 0 0 0 127 0 0 0 0 0 0 0 0 0 0 111 124 0 113 0 0 0 110 0 0 0 0 0 0 0 0 0 0 0 0 0 0 0 0 0 0 0 0 110 0 0 136 0 0 61 62 0 110 0 0 0 0 0 0 0 0 0 0 0 0 0 0 0 0 0 0 0 0 0 0 0 0 0 0 0 0 0 0 0 0 0 0 0 127 0 113 0 0 0 0 0
0 0 124 125 123 0 134 123 110 0 0 0 8 0 125 126 0 112 125 0 111 48 49 0 123 112 0 0 0 0 0 0 0 0 0 0 0 0 0 0 0 0 0 0 0 0 112 0 0 0 0 0 0 11 0 0 0 123 125 0 0 0 0 0 0 0 0 0 0 126 0 0 0 112 0 0 0 0 0 0 0 0 0 0 0 0 0 0 0 124 0 0 111 113 0 0 124 0 8 0 125 8 0 0 136 0 0 0 0 0 0 0 0 0 0 0 0 0 0 0 0 137 0 0 8 110 0 0 0 0 0 0 0 0 0 0 0 126 0 0 0 127 0 8 0 0 0 0 0 11
0 0 113 0 0 124 48 49 0 0 0 0 0 0 0 0 0 0 0 0 0 61 62 8 0 0 0 110 0 0 0 0 0 0 0 0 0 0 0 0 0 0 0 0 0 0 0 0 0 0 0 0 0 0 0 0 0 0 0 123 8 0 0 0 0 0 0 0 0 0 123 0 0 0 0 0 0 0 0 0 0 0 0 0 0 0 0 0 137 0 0 0 0 0 0 0 0 11 0 0 111 0 0 0 0 0 0 0 0 0 0 0 0 0 0 0 0 0 0 0 111 0 0 0 124 0 0 0 0 0 0 0 0 0 0 0 0 0 0 0 127 0 0 0 0 125 0 112 0 126
0 112 0 0 0 0 61 62 0 0 126 112 0 137 0 0 0 0 0 0 0 0 0 0 135 0 0 0 0 0 0 0 0 0 0 0 0 0 0 0 0 0 0 0 110 111 0 0 0 125 0 110 0 0 113 0 0 0 126 48 49 0 0 0 0 11 0 0 0 0 0 0 0 0 0 0 0 0 0 0 0 0 0 0 0 0 113 0 0 0 134 0 132 112 0 11 0 0 0 0 0 0 0 0 0 0 0 0 0 0 0 0 0 0 0 0 0 124 0 0 48 49 110 124 0 125 135 127 0 0 0 0 0 0 113 8 11 0 0 0 8 0 0 0 0 0 136 124 0 0
0 126 0 11 112 0 0 0 127 0 0 0 0 0 0 0 124 11 126 0 0 0 126 0 127 0 0 0 0 0 0 0 0 0 0 0 0 0 0 0 0 111 0 0 0 113 125 0 127 0 123 113 0 0 0 0 125 0 0 61 62 0 0 0 0 0 0 123 0 0 0 0 0 0 0 0 0 0 0 0 0 0 0 0 0 133 0 112 0 0 0 0 126 112 127 0 112 0 0 126 0 110 0 0 0 0 0 0 0 0 0 0 0 0 0 0 0 0 0 0 61 62 0 0 0 0 0 48 49 0 0 127 0 8 0 0 0 0 112 0 133 112 0 0 0 0 11 0 0 0
127 111 0 0 48 49 0 0 8 111 0 0 48 49 124 0 0 0 0 110 125 0 0 0 0 0 0 0 0 0 0 0 0 0 0 0 0 0 0 0 0 0 0 0 0 0 0 0 113 123 0 0 0 111 0 110 0 0 0 0 0 0 0 0 0 125 11 0 0 0 0 0 0 0 0 0 0 0 0 0 0 0 0 0 0 0 0 111 111 0 0 111 112 11 11 0 0 0 8 0 0 0 0 0 0 0 0 0 0 0 0 0 0 0 0 0 0 0 0 0 0 0 0 0 0 11 0 61 62 111 0 0 0 125 0 0 124 0 126 0 48 49 0 0 0 0 48 49 0 0
112 0 0 0 61 62 0 0 0 0 111 0 61 62 0 0 0 0 0 112 0 124 0 0 0 0 0 0 0 0 0 0 0 0 0 0 0 0 0 0 0 0 0 0 127 0 125 0 127 0 0 0 126 0 123 48 49 111 0 11 0 48 49 0 0 0 0 0 0 0 0 0 0 0 0 0 0 0 0 0 0 0 0 0 0 123 0 0 0 0 0 48 49 11 0 0 8 112 0 0 0 0 0 0 0 0 0 0 0 0 0 0 0 0 0 0 0 0 0 0 0 0 0 11 123 0 0 125 0 0 0 111 11 0 0 0 0 0 0 8 61 62 125 0 0 111 61 62 111 0
110 0 123 0 0 123 111 0 0 0 0 0 0 11 0 0 0 0 111 48 49 0 0 127 0 0 0 0 0 0 0 0 0 0 0 0 0 0 0 0 0 0 0 0 0 0 0 0 48 49 123 0 0 0 0 61 62 0 111 123 0 61 62 0 0 0 0 0 0 126 0 0 0 0 0 0 0 0 0 0 0 0 0 0 127 0 0 0 8 0 0 61 62 0 0 0 0 48 49 110 0 0 0 125 0 0 0 0 0 0 0 0 0 0 0 0 0 0 0 0 0 136 0 0 0 0 123 0 113 134 0 0 0 0 124 0 0 0 0 11 0 0 111 0 110 0 0 0 0 111
0 123 0 0 0 0 0 0 11 0 124 0 0 0 0 48 49 0 0 61 62 0 0 0 0 0 0 0 0 0 0 0 0 0 0 0 0 0 0 0 0 137 0 0 0 125 0 0 61 62 0 125 0 0 0 0 0 0 0 0 0 0 0 0 0 0 0 0 0 0 0 0 0 0 0 0 0 0 0 0 0 124 0 0 0 123 0 0 0 0 0 124 0 0 0 0 0 61 62 0 0 0 0 0 0 0 0 0 0 0 0 0 0 0 0 0 0 0 0 0 0 0 127 0 126 48 49 0 0 0 0 0 0 0 0 0 0 0 0 0 48 49 0 11 123 0 0 0 0 0
11 0 0 0 0 0 0 0 0 0 0 0 48 49 0 61 62 0 0 126 0 125 0 0 0 0 0 0 0 0 0 0 0 0 0 0 0 0 0 0 125 0 0 0 0 0 0 0 0 125 126 0 125 0 124 0 0 127 0 0 0 0 48 49 0 125 0 8 0 0 111 0 0 0 0 0 0 0 0 0 0 0 0 127 112 110 0 0 0 0 0 0 0 0 0 0 0 0 123 0 0 111 127 0 0 0 11 0 0 0 0 0 0 0 0 0 0 0 0 0 0 0 0 0 0 61 62 0 0 0 0 0 8 0 0 0 0 112 0 0 61 62 0 123 0 124 0 0 0 0
0 136 123 0 0 0 0 0 0 0 0 0 61 62 0 0 126 11 0 0 0 113 111 0 0 0 0 0 0 0 0 0 0 0 0 0 8 127 123 0 127 0 0 0 0 0 0 113 0 0 0 0 113 0 113 48 49 0 0 0 0 0 61 62 123 0 110 111 125 0 0 0 0 0 0 0 0 0 0 0 0 0 110 0 0 124 8 113 48 49 0 0 135 0 0 0 0 0 0 0 0 0 110 0 48 49 11 0 0 0 0 0 0 0 0 0 0 0 0 0 0 0 0 0 0 0 8 0 0 0 0 0 0 0 0 0 0 0 0 0 11 126 0 0 0 0 0 0 0 0
0 0 0 127 0 0 0 0 0 0 0 0 0 0 0 112 123 48 49 0 0 0 0 0 0 0 0 0 0 0 0 0 0 0 0 0 0 0 0 0 124 0 0 0 124 112 0 0 0 0 110 0 0 123 0 61 62 0 0 0 134 125 0 0 0 11 123 0 0 0 0 0 0 0 0 0 0 0 0 125 0 0 0 0 0 0 0 0 61 62 0 0 123 0 0 0 0 0 0 0 0 0 0 0 61 62 0 0 0 0 0 0 0 0 0 0 0 0 0 0 0 0 0 0 0 0 0 0 0 126 0 0 0 0 0 8 0 0 0 0 0 0 11 0 0 123 0 0 0 0
8 0 0 0 0 0 0 0 0 123 0 0 0 110 0 0 127 61 62 0 0 0 0 0 0 0 0 0 0 0 0 0 0 0 125 0 0 0 0 11 0 0 11 8 110 124 0 0 0 135 0 0 0 0 125 110 0 8 0 0 0 0 0 110 0 0 0 133 0 11 0 0 0 0 0 0 0 0 113 11 0 0 0 8 0 0 0 0 0 0 127 0 0 0 0 0 0 0 0 0 0 0 0 0 0 111 0 0 0 0 0 0 0 0 0 0 0 0 0 0 0 0 0 0 126 127 0 0 0 0 0 0 0 0 0 127 0 111 113 0 0 0 0 0 8 110 0 0 0 0
0 0 0 0 0 0 0 0 0 0 0 0 0 0 0 0 124 0 0 110 0 0 8 0 0 0 0 0 0 0 0 0 0 0 0 126 0 134 0 0 0 0 11 48 49 0 123 0 0 0 0 0 127 0 8 125 0 0 0 0 124 11 0 0 123 126 0 124 48 49 0 0 0 0 0 0 0 134 0 0 0 0 0 126 0 127 0 0 0 123 11 0 0 0 0 0 0 0 0 0 0 0 0 123 8 0 0 0 0 0 0 0 0 0 0 0 0 0 0 0 0 0 0 0 113 0 0 0 123 0 0 0 0 110 0 0 0 0 0 0 0 0 0 0 0 0 0 0 110 126
0 0 0 0 0 0 0 0 0 0 113 0 0 0 0 0 0 0 124 0 0 0 0 0 0 0 0 0 0 0 0 126 0 0 0 0 125 0 112 8 126 0 0 61 62 0 0 113 0 0 0 0 0 0 0 0 0 0 126 0 126 125 126 0 0 0 0 0 61 62 110 0 0 0 0 0 0 8 0 0 0 0 0 0 0 0 0 48 49 0 0 0 0 0 0 0 0 0 0 0 0 0 0 0 125 132 0 0 0 0 0 0 0 0 0 0 0 0 0 0 0 0 0 0 0 0 0 0 123 0 0 0 0 111 127 0 0 0 0 0 0 0 0 0 0 0 113 0 11 0
0 0 0 0 0 0 0 0 0 0 0 0 0 124 0 0 0 111 0 0 0 0 0 0 0 0 0 0 0 0 0 0 0 0 48 49 0 0 0 0 0 0 0 0 124 0 0 0 0 0 0 0 0 0 0 0 0 0 0 0 126 0 0 0 0 0 11 0 112 0 0 0 0 0 0 0 11 0 0 0 125 0 132 0 0 0 0 61 62 0 0 0 0 0 0 0 0 0 0 0 0 8 0 0 0 0 0 0 0 0 0 0 0 0 0 0 0 0 0 0 0 0 0 0 11 0 48 49 0 0 0 0 0 0 0 0 0 0 0 0 0 0 0 0 0 0 0 0 0 0
0 0 0 0 0 0 0 0 0 0 0 0 127 0 111 124 0 0 0 0 0 0 0 0 0 0 0 0 0 0 0 0 0 127 61 62 0 0 0 0 111 0 0 0 0 0 0 0 0 0 0 0 0 0 0 0 0 0 0 0 0 0 0 0 0 0 0 0 0 111 0 0 0 0 0 0 0 126 0 0 0 0 0 0 0 0 0 0 124 0 125 0 0 0 0 0 0 0 0 0 0 0 0 0 0 0 0 0 0 0 0 0 0 0 0 0 0 0 0 0 0 0 0 0 8 0 61 62 11 0 126 0 0 0 0 0 0 0 0 0 0 0 0 0 0 0 0 0 112 0
0 0 0 0 0 0 0 0 0 0 0 0 0 0 0 0 0 0 0 0 0 0 0 0 0 0 0 0 0 0 0 125 0 126 0 0 132 0 0 0 0 0 0 0 0 0 0 0 0 0 0 0 0 0 0 0 0 0 0 0 0 0 0 0 0 0 0 0 0 0 0 0 0 0 0 0 0 0 8 0 0 0 0 0 0 0 0 48 49 0 123 0 0 0 0 0 0 0 0 0 0 0 0 0 11 0 0 0 0 0 0 0 0 0 0 0 0 0 0 0 0 0 0 0 0 0 0 8 124 0 0 0 0 0 0 113 126 0 0 0 0 0 0 0 0 0 0 113 0 127
0 0 0 0 0 0 0 0 0 0 0 0 0 0 0 0 0 0 0 0 0 0 0 0 0 0 0 0 0 0 0 0 110 11 126 0 0 0 0 8 0 0 0 0 0 0 0 0 0 0 0 0 0 0 0 0 0 0 0 0 0 0 0 0 0 0 0 125 0 0 0 0 0 0 0 0 0 0 0 11 0 11 0 0 0 0 0 61 62 110 0 0 0 0 0 0 0 0 0 0 0 0 0 0 0 0 0 0 0 0 0 0 0 0 0 0 0 0 0 0 124 111 0 0 0 136 0 0 0 0 0 0 0 0 0 125 8 0 0 0 0 0 0 0 0 0 0 0 0 11
0 0 0 0 0 0 0 0 0 0 0 0 0 0 0 0 0 0 0 0 0 0 0 0 0 0 0 0 0 0 0 0 0 0 125 0 0 0 0 0 0 0 0 0 0 0 0 0 0 0 0 0 0 0 0 0 0 0 0 0 0 0 0 0 0 0 0 0 0 0 0 0 0 0 0 0 0 0 0 0 0 0 0 125 0 127 0 110 0 0 0 0 0 0 0 0 0 0 0 0 0 0 0 0 0 0 0 0 0 0 0 0 0 0 0 0 0 0 0 0 0 0 0 8 0 111 0 0 0 0 112 0 0 0 0 135 0 0 0 0 0 0 0 0 0 0 0 0 0 0
0 0 0 0 0 0 0 0 0 0 0 0 0 0 0 0 0 0 0 0 0 0 0 0 0 0 0 0 0 0 0 0 0 0 0 123 0 0 0 0 0 0 0 0 0 0 0 0 0 0 0 0 0 0 0 0 0 0 0 0 0 0 0 0 0 0 0 0 0 0 0 0 0 0 0 0 0 0 0 0 136 0 48 49 0 126 8 0 0 0 0 0 0 0 0 0 0 0 0 0 0 0 0 0 0 0 0 0 0 0 0 0 0 0 0 0 0 0 0 0 0 110 48 49 0 127 0 0 0 125 0 113 0 125 0 0 0 0 0 0 0 0 0 0 0 0 0 0 0 0
0 0 0 0 0 0 0 0 0 0 0 0 0 0 0 0 0 0 0 0 0 0 0 0 0 0 0 0 0 0 0 0 0 0 0 0 0 0 0 0 0 0 0 0 0 0 0 0 0 0 0 0 0 0 0 0 0 0 0 0 0 0 0 0 0 0 0 0 0 0 0 0 0 0 0 0 0 0 0 127 127 0 61 62 127 0 0 0 126 0 0 0 0 0 0 0 0 0 0 0 0 0 0 0 0 0 0 0 0 0 0 0 0 0 0 0 0 0 113 0 0 0 61 62 0 0 0 111 0 123 113 0 0 0 0 0 0 0 0 0 0 0 0 0 0 0 0 127 0 0
0 0 0 0 0 0 0 0 0 0 0 0 0 0 0 0 0 0 0 0 0 0 0 0 0 0 0 0 0 0 0 0 0 0 0 0 0 0 0 0 0 0 0 0 0 0 0 0 0 0 0 0 0 0 0 0 0 0 0 0 0 0 0 0 0 0 0 0 0 0 0 0 0 126 0 0 8 0 0 0 0 0 0 0 0 0 11 0 125 0 0 0 0 0 0 0 0 0 0 0 0 0 0 0 0 0 112 0 0 0 0 0 0 0 0 0 0 0 0 0 0 0 0 0 0 0 0 0 127 0 123 124 0 0 0 0 0 0 0 0 0 0 0 0 0 0 0 111 0 0
0 0 0 0 0 0 0 0 0 0 0 0 0 0 0 0 0 0 0 0 0 0 0 0 0 0 0 0 0 0 0 0 0 0 0 0 0 0 0 0 0 0 0 0 0 0 0 0 0 0 0 0 0 0 0 0 0 0 0 0 0 0 0 0 0 0 0 0 0 0 0 0 133 0 126 127 0 0 0 0 0 0 0 0 0 0 0 112 111 0 0 0 0 0 0 0 0 0 0 0 0 0 0 0 0 0 0 0 0 0 0 0 113 133 126 0 126 0 111 0 125 0 0 0 0 0 0 0 0 0 0 0 0 0 0 0 0 0 0 0 0 0 0 0 0 0 0 0 0 0
0 0 0 0 0 0 0 0 0 0 0 0 0 0 0 0 0 0 0 0 0 0 0 0 0 0 0 0 0 0 0 0 0 0 0 0 0 0 0 0 0 124 0 0 111 8 0 0 0 0 0 0 0 0 0 0 0 0 0 0 0 0 0 0 0 0 0 0 0 0 0 111 0 0 48 49 0 0 0 111 123 0 0 111 0 124 0 0 0 0 0 0 0 0 0 0 0 0 0 0 0 0 0 127 8 0 0 0 0 125 0 0 0 132 0 0 0 0 0 0 0 48 49 0 127 0 110 112 112 0 0 0 0 0 0 0 0 0 0 0 0 0 0 0 0 0 0 0 125 0
0 0 0 0 0 0 0 0 0 0 0 0 0 0 0 0 0 0 0 0 0 0 0 0 0 0 0 0 0 0 0 0 0 0 0 0 0 0 0 8 0 0 113 11 0 0 0 0 0 0 0 0 0 0 0 0 0 0 0 0 0 0 0 0 0 0 0 0 0 0 0 110 0 0 61 62 0 110 0 126 0 126 0 111 112 0 0 0 0 0 0 0 0 0 0 0 0 0 0 0 0 0 0 0 0 0 111 125 0 0 0 0 0 0 48 49 123 0 123 0 0 61 62 0 0 0 0 0 124 0 0 0 0 0 0 0 0 0 0 0 0 0 0 0 0 0 8 0 124 0
0 0 0 0 0 0 0 0 0 0 0 0 0 0 0 0 0 0 0 0 0 0 0 0 0 0 0 0 0 0 0 0 0 0 0 0 0 0 0 11 0 48 49 0 0 0 0 0 126 0 0 0 0 0 0 0 0 0 0 0 0 0 0 0 0 0 0 0 0 0 113 0 0 135 110 0 0 123 113 112 0 0 0 0 0 0 0 0 0 0 0 0 0 0 0 0 0 0 0 0 0 0 0 0 0 0 0 113 127 0 11 0 0 110 61 62 0 113 0 8 0 125 126 0 0 0 0 0 0 0 0 0 0 0 0 0 0 0 0 0 0 0 0 0 0 0 0 111 0 0
0 0 0 0 0 0 0 0 0 0 0 0 0 0 0 0 0 0 0 0 110 0 0 0 0 0 0 0 0 0 0 0 0 0 0 0 0 0 113 0 0 61 62 0 48 49 0 0 124 0 0 0 0 0 0 0 0 0 0 0 0 0 0 0 0 0 0 0 0 0 0 0 0 0 0 132 0 0 0 0 0 0 112 0 123 0 0 0 0 0 0 0 0 0 0 0 0 0 0 0 0 0 0 0 113 0 0 0 0 0 0 0 0 0 0 11 0 0 8 112 0 0 0 0 0 111 0 0 0 124 0 0 0 0 0 0 0 0 0 0 0 0 0 0 0 0 0 111 0 0
0 0 0 0 0 0 0 0 0 0 0 0 0 0 0 0 0 0 0 0 124 0 0 0 0 0 0 0 0 0 0 0 0 0 0 0 0 0 0 124 0 0 0 127 61 62 113 0 0 125 0 0 0 0 0 0 0 0 0 0 0 0 0 0 0 0 0 0 0 0 0 8 0 48 49 0 0 0 48 49 0 0 0 0 0 0 0 0 0 0 0 0 0 0 0 0 0 0 0 0 0 0 0 0 0 0 0 0 126 0 0 0 0 0 0 0 110 0 0 0 123 0 0 8 0 0 123 0 0 0 0 0 0 0 0 0 0 0 0 0 0 0 0 0 0 0 48 49 0 0
0 0 0 0 0 0 0 0 0 0 0 0 0 0 0 0 0 0 0 0 0 0 126 0 0 0 0 0 0 0 0 0 0 0 0 0 0 0 111 0 0 0 127 0 0 0 0 0 0 0 0 0 0 0 0 0 0 0 0 0 0 0 0 0 0 0 0 0 0 0 0 0 124 61 62 0 113 0 61 62 0 0 0 0 0 0 0 0 0 0 0 0 0 0 0 0 0 0 0 0 0 0 0 0 0 125 0 0 0 0 0 0 0 11 0 0 11 125 0 0 0 0 0 8 0 11 0 0 0 0 0 0 0 0 0 0 0 0 0 0 0 0 0 0 0 111 61 62 0 123
0 0 0 0 0 0 0 0 0 0 0 0 0 0 0 0 11 0 0 123 0 0 110 112 0 0 0 0 0 0 0 0 0 0 0 0 0 0 0 0 0 0 127 0 0 0 0 8 0 0 0 0 0 0 0 0 0 0 0 0 0 0 0 0 0 0 48 49 11 0 0 0 127 126 0 0 0 110 0 0 0 0 0 0 0 0 0 0 0 0 0 0 0 0 0 0 0 0 0 0 0 0 0 0 0 0 0 11 0 0 0 0 0 0 0 126 0 0 0 0 0 0 0 0 0 0 0 0 0 0 0 0 0 0 0 0 0 0 0 0 0 0 0 113 0 0 127 0 0 124
0 0 0 0 0 0 0 0 0 0 0 0 0 0 0 0 113 0 0 0 0 0 0 112 0 0 0 0 0 0 0 0 0 0 0 0 0 0 0 0 0 0 0 0 0 0 0 11 0 0 0 0 0 0 0 0 0 0 0 0 0 0 0 0 0 0 61 62 0 110 0 0 0 0 0 0 0 0 0 0 0 0 0 0 0 0 0 0 0 0 0 0 0 0 0 0 0 0 0 0 0 0 0 0 0 0 0 0 0 48 49 0 8 124 0 0 8 0 0 0 0 0 111 0 0 0 0 0 0 0 0 0 0 0 0 0 0 0 0 0 0 0 0 0 111 125 0 0 0 0
0 0 0 0 0 0 0 0 0 0 0 0 0 0 0 0 127 0 0 124 125 0 0 0 0 0 113 0 0 0 0 0 0 0 0 0 0 0 0 0 0 0 0 0 0 0 0 0 0 0 0 0 0 0 0 0 0 0 0 0 110 0 125 0 113 0 0 0 0 0 0 0 0 0 0 0 0 0 0 8 126 0 0 0 0 0 0 0 0 0 0 0 0 127 0 0 0 0 0 0 0 0 0 0 0 0 0 0 0 61 62 0 8 0 0 0 0 0 0 0 110 0 0 0 0 0 0 0 0 0 0 0 0 0 0 8 123 124 0 0 125 0 0 125 0 0 0 11 111 0
0 0 0 0 0 0 0 0 0 0 0 0 0 0 0 0 0 8 0 0 0 0 0 11 126 0 0 0 0 0 48 49 0 113 0 0 0 0 0 0 0 0 0 0 0 0 0 0 0 0 0 0 0 0 0 0 0 0 0 124 112 8 124 110 112 123 0 0 0 0 0 0 0 0 0 0 0 0 0 0 0 0 0 0 0 0 0 0 0 0 0 0 0 0 0 0 0 0 0 0 0 0 0 0 0 0 0 0 0 111 112 111 0 0 0 0 0 0 0 124 0 0 0 0 0 0 0 0 0 0 0 0 0 0 0 0 0 48 49 0 0 123 0 0 127 0 127 0 111 0
0 0 0 0 0 0 0 0 0 0 0 0 0 0 0 112 0 127 0 0 0 0 0 0 127 0 126 0 0 0 61 62 0 134 0 0 0 0 0 0 0 0 0 0 0 0 0 0 0 0 0 0 0 0 0 0 0 0 127 0 0 0 11 48 49 124 0 0 0 0 0 0 0 0 0 0 0 0 0 0 0 0 0 0 0 0 0 0 0 123 126 0 0 8 0 0 0 0 0 0 0 0 0 0 0 0 0 0 113 0 0 0 0 0 0 0 0 0 0 0 0 0 0 0 0 0 0 0 0 0 0 0 0 136 0 0 0 61 62 0 0 0 0 0 126 0 0 0 0 0
0 0 0 0 0 0 0 0 0 0 0 0 0 0 0 127 48 49 8 0 0 0 0 113 0 0 0 0 0 0 0 0 0 125 0 0 0 0 0 0 0 0 0 0 0 0 0 0 0 0 0 0 0 0 0 0 0 0 0 0 0 0 0 61 62 0 0 0 0 0 11 0 0 0 0 0 0 0 0 0 0 0 0 0 0 0 0 0 0 0 0 0 8 0 0 0 0 0 0 0 0 0 0 0 0 0 0 0 0 48 49 0 125 0 0 0 0 113 133 0 0 0 0 0 0 0 0 0 0 0 0 0 0 0 0 123 0 0 0 0 125 0 0 0 0 0 110 0 0 0
0 0 0 0 0 0 0 0 0 0 0 0 0 0 126 0 61 62 0 0 0 0 0 133 125 0 0 113 0 0 0 0 124 0 0 0 0 0 0 0 0 0 0 0 0 0 0 0 0 0 0 0 0 0 0 0 0 0 0 123 0 0 0 112 0 125 0 0 0 0 124 0 0 0 0 0 0 0 0 0 0 0 0 0 0 0 0 0 0 0 0 0 11 0 0 0 0 0 0 0 0 0 0 0 0 0 0 0 0 61 62 0 0 112 0 0 0 0 0 0 0 0 0 0 0 0 0 0 0 0 0 0 0 0 0 123 0 0 125 0 0 0 126 0 0 0 0 0 0 0
0 0 0 0 0 0 0 0 0 0 0 0 0 0 0 125 0 0 0 0 134 0 0 0 0 0 0 0 0 48 49 0 0 8 0 0 0 0 0 0 0 0 0 0 0 0 0 0 0 0 0 0 0 0 0 0 0 0 0 0 8 110 0 0 0 110 113 0 0 0 110 0 0 0 0 0 0 0 0 0 0 0 0 0 0 0 0 0 0 0 0 0 0 0 0 0 0 0 0 0 0 0 0 0 0 0 0 0 0 0 0 127 0 0 0 123 0 0 0 112 0 0 0 0 0 0 0 0 0 0 0 0 0 0 0 0 111 0 0 0 0 11 0 111 0 0 0 0 0 0
0 0 0 0 0 0 0 0 0 0 0 0 124 0 0 0 0 48 49 0 0 0 0 0 0 0 0 8 0 61 62 0 0 0 0 0 0 0 0 0 0 0 0 0 0 0 0 0 0 0 0 0 0 0 0 0 0 0 110 0 0 0 0 48 49 0 0 0 0 0 110 0 0 0 0 0 0 0 0 0 0 0 0 0 0 0 0 0 0 0 0 0 0 0 0 0 0 0 0 0 0 0 0 0 0 0 0 0 0 0 0 0 0 0 0 0 0 48 49 110 0 0 0 0 0 0 0 0 0 0 0 0 0 0 0 0 0 0 0 0 0 0 0 0 0 0 0 0 0 0
0 0 0 0 0 0 0 0 0 0 0 0 0 137 0 0 0 61 62 0 0 0 112 48 49 0 0 110 0 111 0 0 0 0 0 0 0 0 0 0 0 0 0 0 0 0 0 0 0 0 0 0 0 0 0 0 0 0 0 0 0 0 0 61 62 8 125 0 0 0 8 126 0 0 0 0 0 0 0 0 0 0 0 0 0 0 0 0 0 0 0 0 0 0 0 0 0 0 0 0 0 0 0 0 0 0 0 0 0 0 0 127 0 0 125 0 0 61 62 0 0 0 0 0 0 0 0 0 0 0 0 0 0 0 0 0 0 0 0 0 0 0 0 0 0 0 0 0 0 0
0 0 0 0 0 0 0 0 0 0 0 0 0 123 0 0 0 126 0 124 0 0 0 61 62 0 0 112 0 0 0 0 0 0 0 0 0 0 0 0 0 0 0 0 0 0 0 0 0 0 0 0 0 0 0 0 0 0 0 0 0 0 112 113 0 0 127 124 0 0 0 0 0 0 0 0 0 0 0 0 0 0 0 0 0 0 0 0 0 0 0 0 0 0 0 0 0 0 0 0 0 0 0 0 0 0 0 124 0 0 112 0 0 0 48 49 0 0 0 125 0 48 49 124 0 0 0 0 0 0 0 0 0 0 0 0 0 0 0 0 0 0 0 0 0 0 0 0 0 0
0 0 0 0 0 0 0 0 0 0 0 0 0 0 124 0 0 0 0 0 0 11 112 8 0 0 0 0 0 124 0 0 0 0 0 0 0 0 0 0 0 0 0 0 0 0 0 0 0 0 0 0 0 0 0 0 0 0 0 0 0 124 0 0 123 0 0 0 0 0 0 0 0 0 0 0 0 0 0 0 0 0 0 0 0 0 0 0 0 0 0 0 0 0 0 0 0 0 0 0 0 0 0 0 0 123 0 0 0 113 0 0 0 0 61 62 0 0 0 0 0 61 62 0 0 0 110 0 0 0 0 0 0 0 0 0 0 0 0 0 0 0 0 0 0 0 0 0 0 0
0 0 0 0 0 0 0 0 0 0 0 0 0 0 0 0 0 0 113 126 0 0 0 0 0 0 0 0 123 0 0 0 0 0 0 0 0 0 0 0 0 0 0 0 0 0 0 0 0 0 0 0 0 0 0 0 0 0 0 11 0 0 0 0 0 125 126 0 0 0 0 127 0 0 0 0 0 0 0 0 0 0 0 0 0 0 0 0 0 0 0 0 0 0 0 0 0 0 0 0 0 0 0 0 0 0 0 0 0 0 0 0 0 0 0 0 0 0 0 0 0 0 0 0 0 0 8 0 0 0 0 0 0 0 0 0 0 0 0 0 0 0 0 0 0 0 0 0 0 0
0 0 0 0 0 0 0 0 0 0 0 0 0 0 0 0 0 0 0 0 0 0 0 112 0 125 0 110 0 0 0 0 0 0 0 0 0 0 0 0 0 0 0 0 0 0 0 0 0 0 0 0 0 0 0 0 0 0 0 0 110 0 0 0 0 0 0 0 0 0 0 110 110 0 0 0 0 0 0 0 0 0 0 0 0 0 0 0 0 0 0 0 0 0 0 0 0 0 0 0 0 0 0 0 0 0 0 0 0 0 0 133 0 0 124 0 123 0 125 111 0 0 0 0 0 124 0 0 0 0 0 0 0 0 0 0 0 0 0 0 0 0 0 0 0 0 0 0 0 0
127 0 0 0 0 0 0 0 0 0 0 0 0 0 0 0 0 125 127 123 123 0 0 0 0 8 0 0 0 0 0 0 0 0 0 0 0 0 0 0 0 0 0 0 0 0 0 0 0 0 0 0 0 0 0 0 0 0 0 0 0 0 0 0 11 125 0 0 0 0 125 0 0 0 0 0 0 0 0 0 0 0 0 0 0 0 0 0 0 0 0 0 0 0 0 0 0 0 0 0 0 0 0 0 0 125 0 0 0 0 0 0 0 0 0 0 0 11 0 0 0 0 0 112 0 0 0 0 0 0 0 0 0 0 0 0 0 0 0 0 0 0 0 0 0 0 0 0 0 0
