0 0 124 126 0 0 0 0 126 0 124 0 124 0 124 0 0 0 0 0 0 0 0 0 0 0 0 0 0 0 0 0 0 0 0 0 0 0 0 0 0 0 0 0 0 0 123 8 0 0 123 0 113 124 0 125 0 0 0 0 113 0 0 0 112 0 123 0 0 0 0 0 0 0 124 0 0 0 0 126 0 0 126 0 0 0 8 0 112 0 0 0 0 0 0 0 0 0 0 0 0 0 0 0 0 0 0 0 0 0 0 0 0 0 0 0 0 0 0 0 0 0 0 0 137 0 110 0 0 0 0 0 110 113 48 49 0 0 0 0 0 0 0 0 0 0 0 0 0 0
0 0 0 0 0 8 0 0 0 0 0 48 49 0 0 124 0 0 48 49 0 0 136 111 0 0 0 0 0 0 0 0 0 0 0 0 0 0 0 0 0 0 0 0 0 0 0 0 0 137 0 0 123 0 0 0 0 0 111 0 0 0 0 48 49 0 134 0 0 0 0 8 0 123 112 0 0 0 0 0 123 0 0 0 0 112 125 124 0 0 0 113 0 0 0 0 0 0 0 0 0 0 0 0 0 0 0 0 0 0 0 0 0 0 0 0 0 0 0 0 0 0 0 0 0 0 48 49 0 0 0 0 0 0 61 62 0 113 0 0 0 0 0 0 0 0 0 0 0 11
0 0 0 0 0 0 125 127 0 0 11 61 62 0 0 0 0 0 61 62 0 0 126 0 0 0 0 0 0 0 0 0 0 0 0 0 0 0 0 0 0 0 0 0 0 0 0 0 0 0 48 49 0 48 49 125 0 0 0 0 113 0 0 61 62 0 0 0 8 111 0 0 0 0 0 0 0 0 0 0 0 0 0 0 0 0 111 126 0 0 127 0 0 0 0 0 0 0 0 0 0 0 0 0 0 0 0 0 0 0 0 0 0 0 0 0 0 0 0 0 0 0 0 0 0 113 61 62 125 48 49 0 0 0 0 0 135 0 0 0 0 0 0 135 0 0 0 0 0 0
0 0 0 127 112 0 0 0 126 0 111 0 0 0 0 0 0 0 0 0 0 0 0 0 0 0 0 0 0 0 0 0 0 0 0 0 0 0 0 0 0 0 0 0 0 0 0 0 0 127 61 62 11 61 62 0 0 0 126 123 0 0 0 0 0 113 124 0 0 0 0 0 0 0 0 0 0 0 0 0 0 111 0 0 0 0 0 0 0 0 0 0 0 0 0 0 0 0 0 0 0 0 0 0 0 0 0 0 0 0 0 0 0 0 0 0 0 0 0 0 0 0 0 0 0 111 0 0 0 61 62 11 0 0 125 111 8 0 0 0 0 0 0 0 0 0 111 0 0 0
0 0 0 0 0 124 0 0 0 0 0 112 124 0 0 0 0 123 0 0 0 0 0 0 0 0 0 0 0 0 0 0 0 0 0 0 0 0 0 0 0 0 0 0 0 0 0 0 8 0 0 0 0 113 0 0 0 0 0 124 11 0 126 0 0 0 0 0 0 124 0 0 0 0 0 0 0 0 0 0 0 0 0 123 0 0 113 0 0 0 0 0 0 0 0 0 0 0 0 0 0 0 0 0 0 0 0 0 0 0 0 0 0 0 0 0 0 0 0 0 0 0 0 124 11 0 0 111 0 0 134 0 0 0 0 0 0 0 0 0 0 0 0 0 0 48 49 0 0 0
0 0 0 0 0 0 0 123 8 0 0 0 0 0 0 0 0 0 0 0 0 0 0 0 0 0 0 0 0 0 8 0 0 0 0 0 0 0 0 0 0 0 0 0 0 0 0 0 125 0 0 0 0 0 0 0 0 0 126 0 0 0 48 49 8 0 0 111 123 127 0 0 0 0 0 0 0 0 0 0 0 0 113 0 0 11 0 0 0 0 0 0 0 0 0 0 0 0 0 0 0 0 0 0 0 0 0 0 0 0 0 0 0 0 0 0 0 0 0 0 0 0 0 0 0 0 123 0 0 126 0 0 0 113 0 0 0 125 126 48 49 125 0 0 112 61 62 0 124 0
0 0 0 0 0 0 0 0 0 0 0 0 0 0 0 0 0 0 0 0 0 0 0 0 0 0 0 0 0 0 0 0 0 0 112 0 0 0 0 0 0 0 0 0 0 0 0 0 0 112 0 0 0 0 0 123 0 0 110 0 0 0 61 62 0 111 0 0 11 127 125 0 0 0 0 0 0 0 0 0 0 0 0 0 0 0 0 0 0 0 0 0 0 0 0 0 0 0 0 0 0 0 0 0 0 0 0 0 0 0 0 0 0 0 0 0 0 0 0 0 0 0 0 0 0 0 110 0 112 0 0 0 0 0 0 0 0 0 112 61 62 0 0 0 0 0 125 0 0 123
0 0 0 0 110 0 0 48 49 0 110 0 0 0 0 0 0 0 0 0 0 0 0 0 0 0 0 0 123 0 0 48 49 0 0 11 0 0 0 0 0 0 0 0 0 0 112 0 0 113 0 0 0 0 0 0 0 0 0 0 0 124 0 0 0 0 0 0 0 0 0 0 0 0 0 0 0 0 0 0 0 0 0 0 0 0 0 0 0 0 0 0 0 0 0 0 0 0 0 0 0 0 0 0 0 0 0 0 0 0 0 0 0 0 0 0 0 0 0 0 0 0 0 0 0 0 0 0 110 0 0 0 0 135 0 125 0 110 0 0 123 0 11 0 0 0 0 0 0 124
0 0 0 0 0 0 113 61 62 0 134 0 0 0 0 0 0 0 0 0 0 0 0 0 0 0 0 0 0 0 0 61 62 0 0 123 0 0 0 0 0 0 0 0 0 0 127 0 112 0 113 0 0 8 123 0 0 8 11 0 11 0 0 0 0 0 124 0 0 113 0 0 0 0 0 0 0 0 0 0 0 0 0 0 0 0 0 0 0 0 0 0 0 0 0 0 0 0 0 0 0 0 0 0 0 0 0 0 0 0 0 0 0 0 0 0 0 0 0 0 0 0 0 0 0 0 0 0 0 0 8 0 0 0 8 48 49 0 0 126 126 0 0 0 110 110 0 0 0 0
0 0 0 0 0 126 0 0 0 0 0 0 0 0 0 0 0 0 0 0 0 0 0 0 0 0 0 0 0 0 0 0 123 0 0 0 0 0 0 0 0 0 0 0 112 0 0 110 0 0 0 0 0 0 0 0 0 0 11 0 0 0 8 0 0 127 48 49 0 0 112 0 110 0 0 0 0 0 0 0 0 0 0 0 0 0 11 0 0 0 0 0 0 0 0 0 0 0 0 0 0 0 0 0 0 0 0 0 0 0 0 0 0 0 0 0 0 0 0 0 0 0 0 0 0 0 0 0 0 0 0 0 0 110 0 61 62 110 0 0 0 0 0 123 0 0 0 0 0 0
0 0 0 0 0 0 0 0 0 0 112 124 0 0 0 0 0 0 0 0 0 0 0 0 0 0 0 126 0 124 110 125 0 8 112 8 0 125 0 0 0 0 0 0 127 0 0 11 0 8 0 0 0 0 127 0 0 0 0 0 126 0 0 0 0 133 61 62 0 48 49 0 0 0 0 0 0 0 0 0 0 0 0 125 125 0 0 0 0 0 0 0 0 0 0 0 0 0 0 0 0 0 0 0 0 0 0 0 0 0 0 0 0 11 0 113 123 0 0 0 0 0 0 0 0 0 0 0 0 0 0 0 0 0 0 0 0 0 0 0 126 0 0 0 0 0 0 0 0 0
0 0 0 0 0 125 133 0 0 0 0 0 0 0 0 0 0 0 0 0 0 0 0 0 0 0 0 0 0 125 0 127 48 49 8 48 49 0 0 0 0 0 0 0 0 112 0 0 0 0 0 0 0 123 0 0 0 0 0 0 0 112 0 0 134 110 0 0 0 61 62 112 124 0 0 0 0 0 0 0 0 0 0 134 0 0 111 0 0 0 0 0 0 0 0 0 0 0 0 0 0 0 0 0 0 0 0 0 0 126 0 111 0 127 0 8 0 112 0 0 0 0 0 0 0 0 0 0 0 0 0 0 0 0 0 0 11 0 0 0 0 0 0 0 0 0 0 0 0 0
0 0 110 0 48 49 0 0 0 125 0 0 0 0 0 0 0 0 0 0 0 0 0 0 0 0 0 0 0 0 112 0 61 62 8 61 62 113 127 123 0 0 0 0 0 0 0 0 0 0 0 0 0 0 0 0 0 0 0 0 0 0 0 0 0 127 0 0 125 0 113 0 11 0 0 0 0 0 0 0 0 112 0 48 49 0 0 0 0 0 0 0 0 0 0 0 0 0 0 0 0 0 0 0 0 0 0 0 0 0 0 113 48 49 0 0 0 0 0 0 0 0 0 0 0 0 0 0 0 0 0 0 0 0 0 0 0 0 0 0 0 0 110 0 0 0 0 0 0 111
0 0 0 0 61 62 11 125 0 0 0 0 113 123 0 0 0 0 0 0 0 0 0 0 0 0 0 0 0 135 125 123 113 124 0 125 0 124 0 0 0 0 0 0 0 0 8 113 0 0 112 8 0 0 0 0 0 0 0 0 0 0 0 0 0 0 0 0 0 125 126 0 0 0 0 0 0 0 0 0 0 123 0 61 62 126 0 0 0 113 8 0 0 0 0 0 0 0 0 0 0 0 0 0 0 0 0 0 0 0 113 0 61 62 111 0 8 0 0 0 11 0 0 0 0 0 0 0 0 0 0 0 0 0 0 0 0 0 126 123 125 0 0 113 0 0 0 123 0 0
0 0 0 0 0 0 0 0 0 0 0 0 0 0 0 0 0 0 0 0 0 0 0 0 0 0 0 0 0 0 0 110 0 0 0 0 0 0 0 0 0 0 0 0 0 0 123 0 124 126 0 0 0 0 0 0 0 0 0 0 0 0 111 110 0 0 0 0 0 0 123 11 0 0 0 0 0 0 0 0 134 0 0 0 112 0 0 0 137 0 125 0 0 0 0 0 0 0 0 0 0 0 0 0 0 0 126 0 124 0 0 0 126 0 0 0 0 0 0 123 0 0 0 0 0 0 0 0 0 0 0 0 0 0 0 0 0 0 0 0 0 113 8 8 11 0 0 132 0 0
0 126 0 0 0 0 0 0 48 49 0 110 0 0 0 0 0 0 0 0 0 0 0 0 0 0 0 0 0 0 0 0 0 0 0 0 126 0 0 0 0 0 0 0 0 0 0 0 0 0 0 0 0 0 0 0 0 0 0 0 0 0 0 0 132 0 0 0 0 11 0 0 0 48 49 0 0 0 0 0 0 0 111 0 0 0 0 112 0 0 0 0 0 0 0 0 0 0 0 0 0 0 0 0 0 0 0 113 0 0 127 0 8 0 11 112 0 48 49 0 0 110 124 125 0 0 0 0 0 0 0 0 0 0 0 0 0 0 0 0 0 0 0 0 0 0 0 125 0 11
0 0 0 0 0 0 123 0 61 62 0 111 124 0 0 123 0 0 0 0 0 0 0 0 0 0 0 0 0 0 0 0 0 0 123 0 0 0 0 0 0 0 0 0 0 0 0 0 0 0 0 0 0 0 0 0 0 0 0 0 0 0 0 0 0 0 0 0 0 0 0 0 0 61 62 0 0 0 0 8 0 0 0 0 0 48 49 0 127 125 0 0 113 0 0 0 0 0 0 0 0 0 0 0 0 0 0 0 0 123 0 0 123 0 0 0 11 61 62 0 111 0 0 0 0 0 0 0 0 0 0 0 0 0 0 0 0 0 0 0 0 0 0 0 0 0 0 0 0 0
0 0 110 0 0 0 0 0 0 125 0 0 0 0 0 126 0 0 0 0 0 0 0 0 0 0 0 0 0 0 0 0 11 0 0 0 0 0 0 0 0 0 0 0 0 0 0 0 0 0 0 0 0 0 0 0 0 0 0 0 0 0 0 0 0 8 125 0 0 110 11 0 0 125 0 0 0 0 0 0 0 11 112 0 0 61 62 0 0 0 126 126 0 110 0 0 0 0 0 0 0 0 0 0 0 0 0 0 0 0 123 0 0 0 8 11 0 0 0 11 0 0 111 0 0 0 0 0 0 0 0 0 0 0 0 0 0 0 0 0 0 0 0 0 0 0 48 49 0 112
0 127 0 0 0 0 0 8 0 0 0 0 0 0 0 0 0 0 0 0 0 0 0 0 0 0 0 0 0 0 0 0 0 0 0 0 0 0 0 0 0 0 0 0 0 0 0 0 0 0 0 0 0 0 0 0 0 0 0 0 0 0 0 110 0 0 0 0 0 0 0 0 0 127 123 0 0 0 0 0 48 49 0 113 0 0 0 0 112 0 0 0 127 0 0 0 0 0 0 0 0 0 0 137 0 0 113 0 0 124 0 0 0 0 0 0 110 0 11 0 11 123 0 0 0 0 0 0 0 0 0 0 0 0 0 0 0 0 0 0 0 0 126 0 0 0 61 62 0 8
0 0 124 110 0 111 0 0 0 0 0 0 0 0 0 123 0 0 0 0 0 0 0 0 0 0 0 0 0 0 0 0 0 0 0 0 0 0 0 0 0 0 0 0 0 0 0 0 0 0 0 0 0 0 0 0 0 0 0 0 0 0 0 0 0 0 111 0 112 0 127 123 0 0 11 0 127 0 0 0 61 62 0 0 0 0 0 0 0 0 0 0 126 0 0 0 0 0 0 0 0 0 0 0 0 0 0 127 0 0 0 0 0 0 0 0 0 0 0 0 0 127 0 0 0 0 0 0 0 0 0 0 0 0 0 0 0 0 0 0 0 0 0 0 0 0 127 0 0 0
0 0 110 48 49 0 0 0 0 111 0 0 110 0 0 0 0 127 0 0 0 0 0 0 0 0 0 0 0 125 0 0 125 0 0 0 0 0 0 0 0 0 0 0 0 0 0 0 0 0 0 0 0 0 0 0 0 0 0 0 0 0 113 0 113 11 123 0 111 111 112 125 0 0 0 0 8 0 0 8 110 0 0 0 0 0 8 125 133 126 0 124 0 0 0 0 0 0 0 0 0 0 0 0 0 0 0 0 0 0 110 0 0 0 0 8 8 0 0 0 111 0 132 0 0 0 0 0 0 0 0 0 0 0 0 0 0 0 0 0 0 0 0 0 0 0 0 0 0 0
0 0 0 61 62 126 0 0 0 0 0 11 0 0 0 0 0 0 0 0 0 0 0 0 0 0 0 0 0 0 48 49 0 0 0 0 0 0 0 0 0 0 0 0 0 0 0 0 0 0 0 0 0 0 0 0 0 0 0 0 135 110 0 8 0 0 126 0 0 0 0 113 0 123 0 0 0 0 0 0 0 111 0 126 110 0 0 0 0 0 113 11 124 126 0 0 0 0 0 0 0 0 0 0 0 123 0 127 113 123 126 0 0 8 0 0 0 0 0 0 0 0 126 11 0 0 0 0 0 0 0 0 0 0 0 0 0 0 0 0 0 0 0 0 0 0 0 0 0 0
0 0 0 0 0 123 127 11 112 0 11 0 0 0 0 0 0 0 0 0 0 0 0 0 0 0 0 0 134 0 61 62 0 0 0 0 0 0 0 0 0 0 0 0 0 0 0 0 0 0 0 0 0 0 0 0 0 0 0 0 0 0 136 48 49 110 123 123 0 48 49 0 0 0 112 0 0 124 0 0 0 0 0 0 0 0 0 0 0 0 0 0 113 0 112 0 0 0 0 0 0 0 0 0 0 0 0 124 11 0 0 0 0 0 11 0 0 0 0 0 0 0 0 0 124 0 0 0 0 0 0 0 0 0 0 0 0 0 0 0 0 0 0 0 0 0 0 0 0 0
0 0 0 0 0 0 126 0 48 49 113 0 8 0 0 125 0 0 0 0 0 0 0 0 0 0 0 0 0 0 111 0 0 0 0 0 0 0 0 0 0 0 0 0 0 0 0 0 0 0 0 0 0 0 0 0 0 0 0 0 0 123 0 61 62 0 0 0 111 61 62 11 0 0 0 125 0 0 0 124 0 0 0 48 49 0 0 0 0 11 0 0 0 0 0 0 0 0 0 0 0 0 0 0 0 0 0 0 0 0 0 0 0 0 0 0 0 0 0 0 0 0 0 133 0 0 0 0 0 0 0 0 0 0 0 0 0 0 0 0 0 0 0 0 0 0 0 0 0 0
0 0 0 0 0 0 0 0 61 62 123 0 110 125 0 0 110 124 0 0 0 0 0 0 0 0 0 0 0 0 111 0 0 0 0 0 0 0 0 0 0 0 0 0 0 0 0 0 0 0 0 0 0 0 0 0 0 0 0 0 0 110 124 0 0 126 0 0 0 0 112 0 0 0 8 0 0 113 113 0 0 0 0 61 62 0 0 0 112 110 0 0 0 0 0 0 0 0 0 0 0 0 0 0 0 0 0 0 0 0 0 0 0 0 0 0 0 0 0 0 0 0 0 0 0 0 8 0 0 0 0 0 0 0 0 0 0 0 0 0 0 0 0 0 0 0 0 0 0 0
0 0 0 0 0 0 0 0 0 0 0 0 48 49 0 123 0 0 0 0 0 0 0 0 0 0 0 0 48 49 11 0 0 0 0 0 0 0 0 0 0 0 0 0 0 0 0 0 127 125 0 0 0 0 0 0 0 0 0 0 0 0 0 48 49 0 123 0 11 0 125 0 0 0 0 126 0 111 0 0 11 0 0 0 123 0 0 0 0 0 0 0 0 0 0 0 0 0 0 0 0 0 0 0 0 0 0 0 0 0 0 0 0 0 0 0 0 0 0 0 0 0 0 0 0 0 11 0 0 0 0 0 0 0 0 0 0 0 0 0 0 0 0 0 0 0 0 0 0 0
0 0 0 0 0 126 0 0 0 0 0 126 61 62 0 126 0 0 0 0 0 0 0 0 8 0 123 0 61 62 0 0 0 0 0 0 0 0 0 0 0 0 0 0 0 0 0 0 0 0 0 0 8 0 0 0 0 0 0 0 0 0 0 61 62 0 124 0 0 0 0 0 0 0 0 0 0 8 123 0 123 0 0 0 48 49 0 11 0 0 0 0 0 0 0 0 0 0 0 0 0 0 0 0 0 0 0 0 0 0 0 0 0 0 0 0 0 0 0 0 0 0 0 0 0 0 0 136 0 0 0 0 0 0 0 0 0 0 0 0 0 0 0 0 0 0 0 0 0 0
0 0 0 0 0 0 123 0 0 0 0 0 0 0 125 0 0 0 0 0 0 0 0 0 0 0 0 0 0 0 127 125 0 0 0 0 0 0 0 0 0 0 0 0 0 0 136 8 0 0 0 0 110 0 11 0 0 0 0 0 0 124 0 0 0 135 0 0 48 49 0 0 136 0 110 126 0 8 0 113 48 49 0 0 61 62 0 0 0 0 0 0 0 0 0 0 0 0 0 0 0 0 0 0 0 0 0 0 0 0 0 0 0 0 0 0 0 0 0 0 0 0 0 0 113 111 0 123 0 11 0 0 0 0 0 0 0 0 0 0 0 0 0 0 0 0 0 0 0 0
0 0 0 0 0 111 0 110 0 0 0 0 0 0 0 0 0 0 0 0 0 0 0 0 0 0 0 0 0 11 0 0 0 0 0 0 0 0 0 0 0 0 0 0 0 110 0 0 0 0 0 0 0 0 0 0 0 0 0 0 0 0 0 0 126 0 0 0 61 62 0 112 0 0 126 125 0 0 0 0 61 62 0 0 0 0 0 0 0 0 123 0 0 0 0 0 0 0 0 0 0 0 0 0 0 0 0 0 0 124 0 0 0 0 0 0 0 0 0 0 0 0 0 0 0 123 0 0 0 0 0 125 112 0 0 0 0 0 0 0 0 0 0 0 0 0 0 0 0 0
0 0 0 0 0 112 0 0 0 0 0 0 0 0 0 0 0 0 0 0 0 0 0 0 0 0 0 111 0 0 0 0 0 0 0 0 0 0 0 0 0 0 0 0 0 0 0 0 123 0 0 48 49 11 0 0 0 0 0 0 0 0 0 123 0 0 0 0 0 0 0 0 0 0 0 0 0 123 11 0 0 8 0 0 0 8 0 0 8 0 113 0 0 0 0 0 0 0 0 0 0 0 0 0 0 0 124 113 0 0 0 112 0 0 0 0 0 0 0 0 0 0 0 0 112 0 0 0 0 126 124 0 0 124 0 0 0 0 0 112 111 0 0 124 0 0 0 0 0 0
0 0 0 0 0 0 0 0 0 0 0 0 123 0 0 0 0 0 0 0 0 0 0 0 0 0 0 0 0 0 0 0 0 0 0 0 0 0 0 0 0 0 0 0 0 112 110 0 8 126 0 61 62 125 0 0 0 0 0 0 0 0 113 0 0 0 0 0 112 0 0 0 0 0 0 0 0 0 0 0 127 0 125 110 0 0 0 0 0 111 0 0 0 0 0 0 0 0 0 0 0 0 0 0 0 0 0 0 126 110 0 0 0 0 0 0 0 0 0 0 0 0 0 0 48 49 0 0 0 0 124 0 0 0 0 8 0 0 123 111 0 0 0 0 113 0 0 127 0 0
0 0 0 0 0 0 0 127 0 0 0 0 0 0 0 0 0 0 0 0 0 0 0 0 0 0 0 0 0 0 0 0 0 0 0 0 0 0 0 0 0 0 0 0 0 0 0 0 0 0 0 0 127 0 126 0 0 0 0 0 0 0 0 0 0 0 0 0 0 0 0 0 0 0 0 0 0 0 0 0 0 0 0 0 0 0 0 0 0 0 0 0 0 0 0 0 0 0 0 0 0 0 0 0 0 0 0 124 112 0 0 0 0 0 0 0 0 0 0 0 112 0 113 0 61 62 0 0 0 126 0 0 0 0 0 0 112 48 49 0 0 125 0 0 0 11 112 0 0 0
0 0 0 0 0 0 0 0 0 0 0 0 0 0 0 0 0 0 0 0 0 0 0 0 0 0 0 0 0 0 0 0 0 0 0 0 0 0 0 0 0 0 0 0 110 48 49 0 0 0 125 132 126 112 0 0 0 0 0 0 0 0 0 125 0 0 0 0 0 0 0 0 0 0 0 0 0 0 0 0 0 0 0 0 0 0 0 0 0 0 0 0 0 0 0 0 0 0 0 0 0 0 0 110 0 0 124 126 0 0 48 49 125 0 0 0 0 0 0 0 0 0 0 0 0 136 8 0 0 0 48 49 0 0 0 113 0 61 62 0 48 49 124 0 0 0 113 0 0 124
0 0 0 0 0 0 0 0 0 0 0 0 0 0 0 0 0 0 0 0 0 0 0 0 0 0 0 0 0 0 0 0 0 0 0 0 0 0 0 0 0 0 125 0 0 61 62 0 0 126 0 0 0 123 0 0 0 0 0 0 124 0 0 0 0 0 0 0 0 0 0 0 0 0 0 0 0 0 0 0 0 0 0 0 0 0 0 0 0 0 0 0 0 0 0 0 0 0 0 0 0 0 0 0 0 0 0 0 0 0 61 62 0 0 0 0 0 0 123 0 0 0 0 132 0 111 0 0 0 126 61 62 0 0 0 0 127 0 0 0 61 62 113 0 0 48 49 11 0 0
0 0 0 0 0 0 0 0 0 0 0 0 0 0 0 0 0 0 0 0 0 0 0 0 0 0 0 0 0 0 0 0 0 0 0 0 0 0 0 0 0 0 0 124 0 0 0 113 0 0 112 0 0 11 111 111 0 0 0 0 0 0 0 0 0 0 0 0 0 0 0 0 0 0 0 0 0 0 0 0 0 0 0 0 0 0 0 0 0 0 0 0 0 0 0 0 0 0 0 0 0 0 0 0 0 126 48 49 123 136 8 0 0 11 0 11 0 113 0 0 0 0 0 0 0 0 110 123 0 0 111 111 0 0 0 0 0 0 0 0 110 8 0 0 0 61 62 0 0 0
0 0 0 0 0 0 0 0 0 0 0 0 0 0 0 0 0 0 0 0 0 0 0 0 0 0 0 0 0 0 0 0 0 0 0 0 0 0 0 0 0 127 0 0 0 0 8 133 124 0 110 0 11 0 0 0 123 125 0 0 110 0 0 112 112 0 0 0 0 0 0 0 0 0 0 0 0 0 0 0 0 0 0 0 0 0 0 0 0 0 0 0 0 0 0 0 0 0 0 0 0 0 0 123 0 0 61 62 0 113 11 0 0 0 0 113 0 0 0 0 0 123 113 0 0 0 0 0 0 0 0 0 0 0 0 110 0 0 0 0 0 0 0 113 0 0 112 0 0 0
0 0 0 0 0 0 0 0 0 0 0 0 0 0 0 0 0 0 0 0 0 0 0 0 0 0 0 0 0 0 0 0 0 0 0 0 0 0 0 11 0 0 125 111 0 0 0 0 123 0 8 0 0 0 11 48 49 0 48 49 0 112 0 0 0 125 0 0 0 0 0 0 0 0 0 0 0 0 0 0 0 0 0 0 0 0 0 0 0 0 0 0 0 0 0 0 0 0 0 0 0 0 0 0 111 0 0 0 0 0 0 0 0 0 48 49 112 0 0 0 0 0 0 135 0 0 0 0 0 0 0 0 0 0 0 0 0 110 0 0 0 0 0 0 0 0 0 0 0 0
0 0 0 0 0 0 0 0 0 0 0 0 0 0 0 0 0 0 0 0 0 0 0 0 0 0 0 0 0 0 0 0 0 0 0 0 0 0 0 0 0 123 111 0 0 0 0 0 0 0 0 0 124 124 0 61 62 0 61 62 127 0 0 0 0 0 0 0 0 0 0 0 0 0 0 0 0 0 0 0 0 0 0 0 0 0 0 0 0 0 0 0 0 0 0 0 0 0 0 0 0 0 0 0 0 0 0 0 110 123 0 0 0 0 61 62 111 0 0 0 0 0 113 0 0 0 0 11 123 0 0 0 0 0 0 0 0 0 0 0 123 0 0 0 110 0 127 0 0 110
0 0 0 0 0 0 0 0 0 0 0 0 0 0 0 0 0 0 0 0 0 0 0 127 0 113 0 0 0 0 0 0 0 0 0 0 0 110 0 0 8 0 48 49 0 0 0 0 0 0 0 0 0 125 0 0 0 0 0 11 0 0 0 0 0 0 0 0 0 0 0 0 0 0 0 0 0 0 0 0 0 0 0 0 0 0 0 0 0 0 0 0 0 0 0 0 0 0 0 0 0 0 0 0 0 0 0 0 0 11 126 0 111 0 0 0 124 0 132 0 0 0 0 0 0 0 0 0 0 0 0 0 0 0 0 0 0 0 0 0 0 8 0 0 0 0 0 0 0 0
0 0 0 0 0 0 0 0 0 0 0 0 0 0 0 0 0 0 0 0 0 127 0 0 123 0 0 0 0 0 0 0 0 0 0 0 0 0 0 0 0 0 61 62 0 111 0 11 0 0 135 112 0 0 0 111 0 11 0 0 0 113 0 0 0 0 0 0 0 0 0 0 0 0 0 0 0 0 0 0 0 0 0 0 0 0 0 0 0 0 0 0 0 0 0 0 0 0 0 0 0 0 0 0 0 0 8 0 135 0 0 0 0 0 0 0 0 0 48 49 0 0 0 0 113 0 0 0 0 0 0 0 0 0 0 0 0 0 0 0 0 0 0 0 0 0 0 0 0 125
0 0 0 0 0 0 0 0 0 0 0 0 0 0 0 0 0 0 0 0 127 0 0 0 111 0 0 8 0 0 0 0 0 0 0 0 0 0 11 48 49 8 0 0 0 8 0 0 0 0 0 0 0 8 0 0 123 112 0 134 0 0 0 0 0 0 0 0 0 0 0 0 0 0 0 0 0 0 0 0 0 0 0 0 0 0 0 0 0 0 0 0 0 0 0 0 0 0 0 0 0 0 0 0 0 0 0 0 0 0 0 125 0 0 0 0 113 0 61 62 0 0 0 126 110 125 0 0 0 0 0 0 0 0 0 0 0 0 0 0 0 0 0 0 0 8 0 0 0 0
0 0 0 0 0 0 0 0 0 0 0 0 0 0 0 0 0 0 124 127 0 0 0 0 0 0 0 0 0 111 0 0 0 0 0 127 0 0 0 61 62 0 0 0 11 0 0 0 0 0 0 0 0 0 0 0 0 0 0 0 0 111 0 124 11 0 0 0 0 0 0 0 0 0 0 0 0 0 0 0 0 0 0 0 0 0 0 0 0 0 0 0 0 0 0 0 0 0 0 0 0 0 0 0 0 0 0 112 0 0 0 0 0 124 0 0 0 0 125 0 0 123 0 0 0 0 0 0 0 0 0 0 0 0 0 0 0 0 0 0 0 0 0 124 0 0 0 0 0 0
0 0 0 0 0 0 0 0 0 0 0 0 0 0 0 0 0 0 0 0 0 0 0 0 0 0 8 0 0 0 0 0 0 0 0 112 0 0 111 0 0 0 0 126 11 0 0 0 0 0 0 0 0 0 0 125 0 111 0 0 0 0 0 0 113 0 0 0 0 0 0 0 0 0 0 0 0 0 0 0 0 0 0 0 0 0 0 0 0 0 0 0 0 0 0 0 0 0 0 0 0 0 0 0 0 0 0 0 0 137 0 0 112 0 0 11 0 113 127 0 0 0 0 0 0 0 0 0 0 0 0 0 0 0 0 0 0 0 0 0 0 134 112 0 112 0 0 0 0 0
0 0 0 0 0 0 0 0 0 0 0 0 0 0 0 0 113 0 125 0 0 0 0 0 0 126 0 126 0 0 0 0 0 0 0 0 0 48 49 0 0 8 112 0 0 0 0 0 0 0 0 0 0 0 0 0 0 0 135 0 0 0 0 0 0 0 0 0 0 0 0 0 0 0 0 0 0 0 0 0 0 0 0 0 0 0 0 0 0 0 0 0 0 0 0 0 0 0 0 0 0 0 0 0 0 0 0 0 0 0 0 0 0 8 0 113 123 127 0 0 0 0 0 0 0 0 0 0 0 0 0 0 0 0 0 0 0 0 123 0 0 0 48 49 0 0 0 0 0 0
0 8 0 0 0 0 0 0 0 0 0 0 0 0 0 0 0 137 0 0 112 0 112 0 8 8 0 0 124 0 0 0 0 0 0 0 0 61 62 0 0 124 11 0 0 0 0 0 0 0 0 0 0 0 0 0 0 0 0 124 135 0 0 0 0 0 0 0 0 0 0 0 111 0 0 0 0 0 0 0 0 0 0 0 0 0 0 0 0 0 0 0 0 0 0 0 0 0 0 0 0 0 0 0 0 0 136 0 0 0 124 0 0 0 0 0 0 0 126 0 0 0 0 0 0 0 0 0 0 0 0 0 0 0 0 0 0 110 0 0 127 0 61 62 125 0 0 0 0 0
0 0 110 0 0 0 0 0 0 0 0 0 0 0 0 0 125 0 0 0 123 0 0 0 48 49 0 0 123 0 0 0 0 0 0 0 0 123 0 0 11 0 0 0 0 0 0 0 0 0 0 0 0 0 0 0 0 0 0 0 0 0 0 0 0 0 0 0 0 0 125 0 126 0 0 0 127 133 0 0 0 0 0 0 0 137 0 8 0 112 124 0 126 127 0 0 0 0 0 0 0 0 0 0 0 0 0 0 0 0 0 0 0 0 0 0 11 0 0 0 127 0 0 0 0 0 0 0 0 0 0 0 0 0 0 0 0 0 0 135 0 11 137 0 0 127 0 0 0 0
0 0 125 126 0 0 0 0 0 0 0 0 0 0 110 48 49 0 0 48 49 0 0 0 61 62 132 0 0 0 0 0 0 0 0 0 0 0 48 49 110 0 0 0 0 0 0 0 0 0 0 0 0 0 0 0 0 0 0 0 0 0 0 0 0 0 0 0 0 0 126 0 137 0 0 0 0 0 0 0 0 0 0 0 0 0 0 110 0 0 123 0 124 0 8 0 0 0 0 0 0 0 0 0 0 0 0 0 110 0 0 0 0 0 0 0 123 0 0 113 0 0 0 0 0 0 0 0 0 0 0 0 0 0 0 0 0 0 0 0 0 0 0 0 0 123 0 0 0 0
0 0 0 125 0 0 0 0 0 134 0 112 0 0 0 61 62 0 0 61 62 0 0 0 0 0 0 0 0 0 0 0 0 0 0 0 0 0 61 62 124 0 112 0 0 0 0 0 0 0 0 0 0 0 0 0 0 0 0 0 0 0 0 0 0 0 0 0 0 0 124 0 112 48 49 0 0 0 0 0 0 0 0 0 136 11 0 0 0 124 0 0 8 0 0 0 0 0 0 0 0 0 0 0 0 0 0 0 0 0 112 0 0 0 0 0 0 0 0 0 0 0 0 0 0 0 0 0 0 0 0 0 0 0 0 112 124 111 123 0 0 0 0 48 49 127 0 0 0 0
48 49 0 0 11 0 0 0 0 8 135 0 126 0 0 0 0 0 0 0 0 123 123 0 0 0 0 0 0 0 0 0 0 0 0 0 0 113 0 0 0 0 127 0 0 0 0 0 0 0 0 0 0 0 0 0 0 0 0 0 0 0 0 0 0 0 0 0 0 0 0 0 0 61 62 127 0 0 0 0 113 0 0 127 0 125 0 48 49 0 8 0 0 0 0 0 0 0 0 0 0 0 0 0 0 0 112 0 0 0 0 0 0 113 0 0 0 0 0 0 0 0 0 0 0 0 0 0 0 0 0 0 0 0 112 0 8 0 0 0 0 124 0 61 62 0 0 0 0 0
61 62 0 126 0 0 0 0 0 48 49 0 0 0 0 124 133 8 0 0 0 11 113 112 0 0 0 11 0 0 0 0 0 0 0 0 0 0 0 0 0 0 0 0 111 0 0 0 0 0 0 0 0 0 0 0 0 0 0 0 0 0 0 0 0 0 0 0 0 0 0 0 0 0 0 11 0 0 0 0 0 0 0 0 0 110 112 61 62 0 48 49 0 0 0 0 0 124 0 0 0 0 0 0 0 0 0 0 127 0 48 49 0 127 0 127 0 123 0 0 0 126 0 0 0 0 0 0 0 0 0 0 0 0 0 0 124 123 0 0 0 0 0 0 0 0 0 0 0 0
0 0 123 0 0 124 0 0 0 61 62 126 112 0 0 0 0 0 0 123 0 0 8 125 0 11 0 0 0 0 0 0 0 0 0 0 0 0 0 0 0 0 11 0 0 0 0 0 0 0 0 0 0 0 0 0 0 0 0 0 0 0 0 0 0 0 0 0 125 8 126 8 0 0 0 0 0 0 0 0 0 0 0 0 0 0 0 0 0 0 61 62 0 48 49 126 0 0 0 0 113 0 0 11 0 0 0 0 0 11 61 62 0 0 0 0 123 0 48 49 0 0 8 112 0 0 0 0 0 0 0 0 0 0 48 49 0 0 0 0 0 11 0 48 49 0 0 0 0 0
0 0 0 0 126 0 0 0 0 112 0 0 0 0 0 113 0 0 126 0 125 112 0 113 0 0 8 0 0 0 0 0 0 0 0 0 0 0 0 0 0 0 0 126 0 0 0 0 0 0 0 0 0 0 0 0 0 0 0 0 0 0 0 0 0 0 0 123 126 0 0 0 0 0 0 0 0 0 0 0 0 0 0 0 0 123 112 0 0 0 110 0 0 61 62 0 11 0 127 0 0 0 0 0 0 0 110 0 0 0 0 0 0 0 0 0 0 0 61 62 0 0 48 49 0 0 124 127 112 0 0 0 0 11 61 62 113 0 0 48 49 0 0 61 62 0 125 0 0 0
0 48 49 0 0 123 0 0 0 0 0 0 11 0 0 0 123 0 0 0 0 0 0 111 0 0 0 0 0 0 0 0 0 0 0 0 0 0 0 0 0 0 0 0 125 0 0 0 0 0 0 0 0 0 0 0 0 0 0 0 0 0 0 0 0 0 0 0 110 0 0 0 0 0 0 0 0 0 0 0 0 0 0 0 0 0 0 0 124 113 0 0 124 0 0 0 11 0 127 124 124 0 0 126 0 48 49 8 0 0 0 0 0 0 0 0 0 126 0 0 0 0 61 62 110 0 0 0 0 0 8 124 125 0 0 0 0 0 0 61 62 0 0 0 0 0 0 0 0 0
0 61 62 0 8 0 0 0 0 0 0 0 0 0 0 0 0 11 0 0 0 0 0 111 0 0 0 0 0 0 0 0 0 0 0 0 0 0 0 0 0 0 0 0 0 127 0 0 0 0 0 0 0 0 0 0 0 0 0 0 0 0 0 0 0 0 0 124 11 0 48 49 110 0 0 0 0 0 0 0 0 0 0 0 0 0 0 0 0 126 0 126 0 0 127 0 0 0 123 0 0 0 0 0 0 61 62 0 0 112 127 0 0 0 0 0 48 49 0 0 0 0 0 0 123 0 8 0 0 0 124 0 0 0 125 111 0 111 0 112 0 0 0 48 49 0 0 0 0 0
0 0 0 0 0 0 0 0 11 0 0 0 0 0 0 0 0 0 0 0 0 0 0 0 0 11 123 0 0 0 0 0 0 0 0 0 0 0 0 0 0 0 0 0 0 0 0 0 0 0 0 0 0 0 0 0 0 0 0 0 0 0 0 0 0 112 0 0 0 0 61 62 0 0 0 0 0 0 0 0 0 0 0 0 0 0 0 127 125 113 0 48 49 0 0 112 111 0 0 0 0 0 112 0 111 0 0 0 0 0 113 48 49 0 0 0 61 62 0 112 0 0 0 0 0 0 0 0 0 0 48 49 0 124 0 123 0 0 0 0 0 112 0 61 62 0 0 0 0 0
0 0 48 49 0 110 0 0 0 0 123 0 0 0 0 0 0 0 0 0 0 0 0 0 0 0 0 0 0 0 0 0 0 0 0 0 0 0 0 0 0 0 0 0 0 111 110 0 0 0 0 0 0 0 0 0 0 0 0 0 0 0 0 132 110 0 0 0 0 0 0 8 0 0 0 0 0 0 0 0 0 0 0 0 0 0 0 0 0 0 127 61 62 0 0 0 0 0 126 0 0 0 0 0 0 0 0 0 11 110 0 61 62 0 0 0 0 0 0 0 0 0 113 0 0 48 49 0 0 0 61 62 133 0 110 113 0 0 0 0 0 0 0 0 0 0 0 110 0 0
0 0 61 62 0 0 0 0 0 112 0 0 0 0 0 0 0 0 0 0 0 0 0 0 0 0 0 0 0 0 0 0 0 0 0 0 0 0 0 0 0 0 0 0 0 0 0 0 0 0 0 0 0 0 0 0 0 0 0 0 0 0 11 0 124 127 113 124 0 0 123 0 0 0 0 0 0 0 0 0 0 0 0 0 0 0 0 0 111 8 0 125 0 0 0 0 0 0 0 0 112 132 124 0 0 0 11 8 126 0 127 126 0 0 0 0 110 0 0 0 0 0 0 0 0 61 62 0 0 0 0 0 0 0 0 0 124 11 127 48 49 0 123 48 49 127 123 0 0 0
0 0 0 0 110 124 0 0 0 0 126 0 0 0 0 0 0 0 0 0 0 0 0 0 0 0 0 0 0 0 0 0 0 0 0 0 0 0 0 0 0 0 0 0 0 0 0 0 0 124 0 0 0 0 0 0 0 0 0 0 0 0 0 110 0 0 0 0 0 0 0 112 125 0 0 0 0 0 0 0 0 0 0 0 0 0 0 0 0 0 126 0 125 0 0 0 8 0 110 0 112 0 0 0 0 126 0 0 0 0 132 0 0 0 0 0 112 0 123 0 0 0 0 0 0 0 111 0 0 0 48 49 0 0 124 0 123 11 0 61 62 8 0 61 62 0 0 0 0 0
0 0 111 0 0 0 135 126 124 127 0 126 0 0 0 0 0 0 0 0 0 0 0 0 0 0 134 0 124 0 0 0 0 0 0 0 0 0 0 0 0 0 0 0 0 126 0 0 113 111 0 0 0 0 0 0 0 0 0 0 0 112 0 0 8 0 0 0 0 48 49 11 11 125 0 0 0 0 0 0 0 0 0 0 0 0 0 0 0 0 0 126 0 0 0 113 0 0 112 0 0 125 0 0 8 0 0 0 0 11 0 8 113 0 126 8 0 0 0 11 124 0 0 0 0 0 0 0 0 0 61 62 0 112 0 0 110 127 0 0 113 0 0 0 113 111 0 0 0 0
0 0 0 0 0 123 0 0 48 49 0 0 0 0 0 0 0 0 0 0 0 0 0 0 0 0 124 126 0 0 0 0 0 0 0 0 0 0 0 0 0 0 0 0 0 112 0 110 0 0 0 0 0 0 0 0 0 0 0 0 0 0 126 0 110 0 0 0 0 61 62 0 0 0 0 0 0 0 0 0 0 0 0 0 0 0 0 0 0 0 110 0 0 111 0 0 0 0 0 0 0 0 0 0 0 0 0 113 126 0 0 123 0 0 0 0 0 0 0 0 0 113 8 0 0 0 48 49 11 0 110 0 126 132 0 0 0 0 111 0 113 0 8 0 113 0 0 0 8 0
112 0 0 0 11 0 133 0 61 62 0 0 11 0 0 0 0 0 0 0 0 0 0 0 0 0 0 0 0 0 0 0 0 0 0 0 0 0 0 0 0 0 0 0 0 0 11 0 0 0 0 0 0 0 0 0 0 0 0 0 0 123 113 0 0 0 0 8 0 0 0 0 0 112 0 111 0 0 0 0 0 0 0 0 0 0 0 0 0 0 0 0 0 0 0 0 0 110 0 0 0 0 0 0 0 0 0 0 0 0 0 0 0 0 0 0 0 0 0 0 0 0 0 8 0 0 61 62 0 0 0 0 0 0 0 0 0 0 0 0 0 127 0 0 0 0 0 0 0 0
0 0 48 49 0 0 0 123 0 0 111 0 0 11 0 0 0 0 0 0 0 0 0 0 0 0 0 0 0 0 0 0 0 0 0 0 0 0 0 0 0 0 0 0 0 0 48 49 0 0 0 0 0 0 0 0 0 0 0 0 0 11 112 113 0 8 0 0 0 113 48 49 8 0 0 0 127 0 0 0 0 0 0 0 0 0 0 0 0 0 0 0 0 0 0 124 125 111 0 0 0 0 0 0 0 0 0 0 0 0 0 0 0 0 0 0 0 0 0 0 0 0 0 0 0 0 0 0 0 126 0 0 0 0 0 0 0 0 0 0 110 111 0 0 127 0 0 8 11 110
0 0 61 62 0 113 125 0 0 0 0 0 48 49 0 0 0 126 0 0 0 0 0 0 0 0 0 0 0 0 0 0 0 0 0 0 0 0 0 0 0 0 0 0 0 8 61 62 0 0 0 0 0 0 0 0 0 0 0 0 0 0 0 0 123 123 126 0 112 0 61 62 0 0 0 0 0 0 0 0 0 0 0 0 0 0 0 0 0 0 0 0 0 0 111 127 113 0 0 0 0 0 0 0 0 0 0 0 0 0 0 0 0 0 0 0 0 0 0 0 0 0 0 0 0 11 0 0 0 0 0 0 0 0 0 0 0 0 0 0 0 0 11 124 0 0 0 0 0 8
0 0 0 0 137 0 8 0 0 113 0 0 61 62 112 112 0 0 0 8 0 0 0 0 123 0 0 0 0 0 0 0 0 0 0 0 0 0 0 0 0 0 0 0 0 0 0 126 0 126 0 0 0 0 0 0 0 0 0 0 0 0 124 0 48 49 126 0 0 0 0 124 0 0 123 0 0 0 0 0 0 0 0 0 0 0 0 0 0 0 0 0 0 0 0 0 0 0 0 0 0 0 0 0 0 0 0 0 0 0 0 0 0 0 0 0 0 0 0 0 0 0 0 0 0 0 0 0 0 0 0 0 0 0 0 0 0 0 0 0 0 0 0 0 0 0 0 124 0 0
0 0 112 0 0 0 0 0 0 0 11 0 0 0 0 48 49 0 0 0 110 0 111 0 0 0 0 0 0 112 112 0 0 0 0 0 0 0 0 0 0 0 0 0 0 0 123 0 0 0 0 0 0 0 0 0 0 0 0 123 0 125 0 0 61 62 0 0 0 0 0 0 0 0 111 0 11 0 0 0 0 0 0 0 0 0 0 0 0 0 0 0 0 0 0 0 0 0 0 0 0 0 0 0 0 0 0 0 0 0 0 0 0 0 0 0 0 0 0 0 0 0 0 0 0 0 0 0 0 0 0 0 0 0 0 0 0 0 0 0 0 0 0 0 0 0 0 0 0 0
0 0 0 0 123 0 0 0 0 0 0 0 0 0 124 61 62 8 0 110 0 0 0 0 0 0 0 0 0 0 0 0 11 0 0 0 0 0 0 0 0 0 0 0 0 0 0 0 0 0 0 0 0 0 0 0 0 111 0 8 125 0 0 0 110 0 0 0 0 127 112 0 0 0 0 112 0 0 127 0 0 0 0 0 0 0 0 0 0 0 0 0 0 0 0 0 0 0 0 0 0 0 0 0 0 0 0 0 0 0 0 0 0 0 0 0 0 0 0 0 0 0 0 0 0 0 0 0 0 0 0 0 0 0 0 0 0 0 0 0 0 0 0 0 0 0 0 0 0 123
0 0 0 0 0 0 0 0 0 125 0 0 0 0 0 0 0 0 0 0 113 126 0 0 0 0 0 0 0 0 0 111 0 0 110 123 0 8 0 0 0 0 0 0 0 0 0 0 0 0 0 0 0 0 0 0 0 0 0 8 0 48 49 0 0 0 48 49 0 0 0 0 0 0 0 123 113 0 0 0 0 0 0 0 0 0 0 0 0 0 0 0 0 0 137 123 0 0 0 0 0 0 0 0 0 0 0 0 0 0 0 0 0 0 0 0 0 0 0 0 0 0 0 0 0 0 0 0 0 0 0 0 0 0 0 0 0 0 0 0 0 0 0 0 0 125 112 0 127 112
0 0 0 0 0 0 0 0 48 49 112 0 0 110 0 11 0 0 0 8 0 0 0 0 0 0 0 0 0 124 0 0 0 0 11 111 127 0 0 0 0 0 0 0 0 0 0 0 0 0 0 0 0 0 11 0 0 0 110 0 0 61 62 112 110 0 61 62 0 0 123 0 125 126 0 0 123 0 0 0 0 0 0 0 0 0 0 0 0 0 0 0 0 0 111 0 125 0 0 0 0 0 0 0 0 0 0 0 0 0 0 0 0 0 0 0 0 0 0 0 0 0 0 0 0 0 0 0 0 0 0 0 0 0 0 0 0 0 0 0 0 0 0 0 0 0 0 127 0 0
0 0 0 0 0 0 0 11 61 62 0 110 0 0 0 0 0 127 0 0 126 0 0 0 0 0 0 0 0 0 0 48 49 0 0 0 0 11 0 0 0 0 0 0 0 0 0 0 0 0 0 0 0 113 0 48 49 0 0 0 0 0 0 0 11 0 0 125 0 123 0 124 0 48 49 124 8 48 49 0 0 0 0 0 0 0 0 0 0 0 0 0 0 0 0 0 133 0 0 0 0 0 0 0 0 0 0 0 0 0 0 0 0 0 0 0 0 0 0 0 0 0 0 123 0 0 0 11 0 0 0 0 0 0 0 0 0 0 0 0 0 0 0 0 0 0 123 0 0 126
0 0 0 0 0 123 110 0 123 0 0 0 123 0 123 0 0 0 0 0 0 127 0 0 0 0 0 0 0 0 123 61 62 132 123 0 0 0 0 113 0 0 0 0 0 0 0 0 0 0 0 0 0 0 0 61 62 11 0 125 127 113 0 125 0 0 0 0 0 124 0 126 125 61 62 0 0 61 62 0 123 0 0 0 0 0 0 0 0 0 0 0 0 123 111 111 0 0 125 0 0 0 0 0 0 0 0 0 0 0 0 0 0 0 0 0 0 0 0 0 111 0 0 0 123 0 0 0 124 0 0 0 0 0 0 0 0 0 0 0 0 0 0 0 0 0 0 0 113 126
0 0 0 0 0 0 127 0 0 8 0 126 127 11 0 111 0 0 0 111 0 112 0 0 0 0 0 0 0 125 0 0 0 0 0 0 0 8 0 0 0 0 0 0 0 0 0 0 0 0 0 0 0 126 0 0 0 0 0 0 0 123 110 0 0 0 0 0 0 0 0 11 0 123 0 0 0 0 0 0 0 0 0 0 0 0 0 0 0 0 0 0 112 0 0 48 49 0 0 0 0 0 0 0 0 0 0 0 0 0 0 0 0 0 0 0 0 0 0 0 0 0 113 0 0 0 0 0 0 0 0 0 0 0 0 0 0 0 0 0 0 0 0 0 0 0 0 0 0 0
0 0 0 0 0 0 0 0 0 0 0 0 0 0 48 49 110 0 0 0 0 0 0 0 0 0 0 0 0 0 137 0 0 0 132 0 0 124 0 110 0 8 0 125 0 0 0 0 0 0 0 0 0 0 0 48 49 126 0 0 124 0 0 0 0 0 0 0 0 0 0 0 0 8 0 8 0 0 0 8 0 127 0 0 0 0 0 0 0 0 0 0 0 0 0 61 62 0 0 127 123 0 0 0 0 0 0 0 0 0 0 0 0 0 0 0 0 0 0 0 0 0 48 49 133 112 0 0 110 0 0 0 0 0 0 0 0 0 0 0 0 0 0 0 0 0 0 0 0 0
0 0 0 0 0 0 0 0 0 0 113 123 0 0 61 62 0 126 0 0 127 0 0 0 0 0 0 0 0 113 0 127 111 0 133 126 111 110 0 0 0 0 11 125 0 0 0 0 0 0 0 0 8 0 111 61 62 110 0 0 0 0 0 0 0 0 0 0 0 0 0 0 0 0 112 134 127 0 123 0 0 0 0 0 0 0 0 0 0 0 0 123 0 0 125 124 0 0 11 0 113 0 0 0 0 0 0 0 0 0 0 0 0 0 0 0 0 0 0 0 125 0 61 62 0 48 49 0 0 0 0 0 0 0 0 0 0 0 0 0 0 0 0 0 0 0 0 0 0 0
0 0 0 0 0 0 0 0 0 0 111 0 0 0 0 0 0 0 0 0 0 0 0 0 0 0 0 0 0 0 11 0 0 0 0 0 0 0 0 111 0 0 0 0 0 0 0 0 0 0 0 0 0 0 0 0 0 8 126 0 0 0 0 0 0 0 0 0 0 0 0 0 0 123 0 0 0 0 113 0 0 0 0 0 0 0 0 0 0 0 0 0 0 0 0 0 0 0 126 0 0 123 0 0 0 0 0 0 0 0 0 0 0 0 0 0 0 0 0 0 0 0 0 0 0 61 62 0 0 0 0 0 0 0 0 0 0 0 0 0 0 0 0 0 0 0 0 0 0 0
0 0 0 0 0 0 0 0 0 0 0 0 0 0 8 0 0 0 113 0 0 0 0 0 0 0 0 0 0 124 113 0 0 111 124 0 0 125 0 8 0 11 127 0 0 0 0 0 0 0 0 0 8 0 112 0 124 112 0 123 0 0 0 0 0 0 0 0 0 0 0 0 0 0 124 0 0 0 0 0 126 0 0 0 0 0 0 0 0 0 0 0 0 125 0 0 0 0 0 110 0 0 125 0 0 0 0 0 0 0 0 0 0 0 0 0 0 0 0 0 110 0 0 8 113 0 113 112 8 0 0 0 0 0 0 0 0 0 0 0 0 0 0 0 0 0 0 0 0 0
0 0 0 0 0 0 0 0 0 0 0 0 0 0 110 0 0 0 0 0 0 0 0 0 0 0 0 0 0 112 124 111 0 0 111 0 0 0 0 0 0 0 0 0 0 0 0 0 0 0 0 0 0 0 123 0 0 11 0 0 0 0 0 0 0 0 0 0 0 0 0 0 0 0 0 0 124 0 0 0 0 0 0 0 0 0 0 0 0 0 0 0 8 48 49 11 0 0 0 126 113 113 0 0 0 0 0 0 0 0 0 0 0 0 0 0 0 0 0 0 0 0 0 0 111 136 0 8 113 0 0 0 0 0 0 0 0 0 0 8 0 0 127 11 0 0 0 0 0 0
0 0 0 0 0 0 0 0 0 0 0 0 0 0 0 0 0 0 0 0 0 0 0 0 0 0 0 0 0 125 0 0 0 0 0 0 0 113 0 0 0 0 126 136 0 0 0 0 0 0 0 0 113 0 0 0 0 8 110 0 0 0 0 0 0 0 0 0 0 0 0 0 0 0 0 0 0 0 0 0 0 0 0 0 0 0 0 0 0 0 0 0 0 61 62 0 112 0 0 125 0 48 49 0 0 0 0 125 0 0 0 0 0 0 0 0 0 0 0 0 0 0 0 0 124 0 124 0 48 49 0 0 0 0 0 0 11 0 0 0 0 112 0 0 0 0 0 0 0 0
0 0 0 0 0 0 0 0 0 0 0 0 0 0 0 0 0 0 0 0 0 0 0 0 0 0 0 0 0 0 111 123 0 0 0 0 0 0 0 0 0 0 0 110 111 0 0 0 0 0 0 0 0 48 49 0 113 0 0 0 0 0 0 0 0 0 0 0 0 0 0 0 0 0 0 0 0 0 0 0 0 0 0 0 0 0 0 0 0 0 0 0 0 0 0 0 0 0 0 0 0 61 62 0 0 0 0 0 0 0 0 0 0 0 0 0 0 0 0 0 0 0 0 0 0 111 0 0 61 62 0 0 0 0 0 0 0 0 135 0 0 0 0 0 0 11 0 0 0 0
0 0 0 0 0 0 0 0 0 0 0 0 0 0 0 0 0 0 0 0 0 0 0 0 0 0 0 0 0 0 0 0 0 0 0 0 126 0 0 0 126 0 0 113 0 113 0 0 0 0 0 0 0 61 62 0 0 0 0 0 0 0 0 0 0 0 0 0 0 0 0 0 0 0 0 0 0 0 0 0 0 0 0 0 0 0 0 0 0 0 0 0 0 0 0 0 0 8 126 0 110 0 0 0 0 0 124 0 0 0 0 0 0 0 0 0 0 0 0 0 0 0 0 0 0 0 0 0 0 0 0 0 48 49 0 0 0 0 0 0 0 48 49 123 0 0 0 8 0 0
0 127 0 0 0 0 0 0 0 0 0 0 0 0 0 0 0 0 0 0 0 0 0 0 0 0 0 0 0 0 0 0 0 110 0 0 125 0 133 0 48 49 11 111 0 0 0 0 0 0 0 0 0 0 126 0 8 0 0 0 0 0 0 0 0 0 0 0 0 0 0 0 0 0 0 0 0 0 0 0 0 0 0 0 0 0 0 0 0 0 0 0 126 0 0 0 0 110 0 0 0 0 0 127 127 0 0 0 0 123 0 0 0 0 0 0 0 0 0 0 0 0 0 0 0 0 0 124 0 0 126 0 61 62 126 0 0 0 111 0 127 61 62 134 0 0 112 123 0 0
0 0 0 0 0 0 0 0 0 0 0 0 0 0 0 0 0 0 0 0 0 0 0 0 0 0 0 0 0 0 0 0 113 110 0 0 0 0 0 0 61 62 8 0 0 0 0 0 0 0 0 0 0 0 132 0 0 0 0 0 0 0 0 0 0 0 0 0 0 0 0 0 0 0 0 0 0 0 0 0 125 0 0 0 0 0 0 0 0 0 0 0 0 0 0 0 112 110 0 0 0 0 125 0 124 48 49 0 111 0 0 0 0 0 0 0 0 0 0 0 0 0 0 0 0 0 0 0 0 0 0 0 8 110 0 124 110 0 48 49 11 0 0 0 0 110 0 123 0 126
48 49 0 0 0 0 0 0 0 0 0 0 0 0 0 0 0 0 0 0 0 0 0 0 0 0 0 0 0 0 0 0 134 112 0 0 0 48 49 111 0 0 11 0 0 127 126 0 111 0 8 0 0 48 49 0 0 0 0 11 0 0 0 0 0 0 0 0 0 0 0 0 0 0 0 0 0 0 0 110 0 0 0 0 0 0 0 0 0 0 0 0 0 0 0 0 0 0 0 0 0 0 0 0 0 61 62 0 123 0 0 0 0 0 0 0 0 0 0 0 0 0 0 0 0 0 125 0 0 0 0 0 127 0 0 0 0 0 61 62 0 113 0 0 0 11 0 0 0 0
61 62 0 0 0 0 0 0 0 0 0 0 0 0 0 0 0 0 0 0 0 0 0 0 0 0 0 0 0 0 0 0 0 0 125 0 0 61 62 0 0 124 0 0 0 0 0 126 8 0 0 0 110 61 62 0 0 0 0 0 0 0 0 0 0 0 0 0 0 0 0 0 0 0 0 113 0 0 0 0 0 0 0 123 111 0 0 0 0 0 0 0 0 0 0 124 137 0 0 0 0 123 0 0 113 0 0 0 0 0 0 0 0 0 0 0 0 0 0 0 0 0 0 0 11 0 0 0 0 0 0 0 0 48 49 110 0 0 0 0 0 0 0 0 0 0 127 0 0 136
0 0 0 0 0 0 0 0 0 0 0 0 0 0 0 0 0 0 0 0 0 0 0 0 0 0 0 0 0 0 0 0 0 0 0 0 0 127 0 0 0 112 0 48 49 0 0 0 0 0 0 0 0 0 0 0 0 113 8 0 0 0 0 0 0 0 0 0 0 0 0 0 0 136 0 0 0 124 0 0 0 0 0 0 111 0 0 0 0 0 0 0 0 0 0 0 0 0 0 0 0 0 0 0 0 0 126 0 0 0 0 0 0 0 0 0 0 0 0 0 0 0 0 124 112 111 0 11 0 0 0 0 0 61 62 0 0 125 0 111 0 0 127 0 126 0 125 0 127 0
126 0 0 0 0 0 0 0 0 0 0 0 0 0 0 0 0 0 0 0 0 0 0 0 0 0 0 0 0 0 0 0 0 0 0 0 48 49 126 125 125 0 110 61 62 11 0 113 0 0 0 127 0 0 0 112 0 0 0 0 112 0 0 0 0 0 0 0 0 0 0 0 0 0 0 48 49 0 0 0 0 0 0 0 0 125 0 0 0 0 0 0 0 0 0 0 0 0 0 0 0 0 0 0 0 0 0 0 0 0 0 0 0 0 0 0 0 0 0 0 0 0 0 124 123 111 48 49 113 125 125 126 0 0 0 11 0 0 0 0 0 110 0 0 0 11 125 126 0 123
0 11 8 0 0 0 0 0 0 0 0 0 0 0 0 0 0 0 0 0 0 0 0 0 0 0 0 0 0 0 0 0 0 0 111 0 61 62 0 0 0 0 0 111 0 0 123 48 49 0 0 0 110 0 0 48 49 126 125 0 0 125 0 8 0 0 0 0 0 0 0 0 113 0 112 61 62 111 0 0 0 111 0 0 126 0 111 0 0 0 0 0 0 0 0 0 0 0 0 0 137 0 0 0 125 0 0 0 0 0 0 0 0 0 0 0 0 0 0 0 0 0 0 0 0 0 61 62 0 110 11 125 0 0 113 0 0 0 0 0 111 0 0 0 0 125 0 112 0 0
48 49 11 126 0 0 0 0 0 0 0 0 0 0 0 0 0 0 0 0 0 0 0 0 0 0 0 0 0 0 0 0 0 0 126 0 0 0 0 0 123 0 48 49 0 0 0 61 62 0 112 8 48 49 0 61 62 0 0 125 0 0 0 0 0 0 0 0 0 0 0 0 0 0 0 113 0 0 0 0 0 0 0 0 0 0 133 11 0 0 0 0 0 0 0 0 0 0 0 0 0 0 0 0 0 0 0 0 0 0 0 0 0 0 0 0 0 0 0 0 0 0 0 113 126 126 125 0 0 0 0 124 0 0 0 0 0 0 0 0 0 0 0 112 112 0 0 0 124 0
61 62 113 113 0 0 0 0 0 0 0 0 0 0 0 0 0 0 0 0 0 0 0 0 0 0 0 0 0 0 0 0 0 0 123 0 123 0 112 0 0 0 61 62 0 0 0 0 0 0 0 111 61 62 125 0 0 0 112 126 113 0 126 0 0 0 0 0 0 0 0 0 126 0 0 0 0 0 0 0 0 0 0 0 0 48 49 132 0 0 0 0 0 0 0 0 0 0 0 0 0 0 0 0 0 0 0 0 0 0 0 0 0 0 0 0 0 0 0 0 0 0 0 0 125 0 113 0 0 0 0 124 112 0 0 0 0 0 0 0 0 0 0 126 0 124 0 0 0 0
0 124 0 0 0 0 0 0 0 0 0 0 0 0 0 0 0 0 0 0 0 0 0 0 0 0 0 0 0 0 0 0 0 111 137 0 0 0 126 0 0 0 0 0 0 0 0 0 0 123 8 0 0 111 11 0 0 0 0 127 0 113 0 0 0 0 0 0 0 0 0 0 0 125 0 0 112 0 0 0 0 0 0 0 0 61 62 112 0 0 0 0 0 0 0 0 0 0 0 0 0 0 0 0 0 0 0 0 0 0 0 0 0 0 0 0 0 0 0 0 0 111 0 0 8 0 0 0 0 0 0 110 124 124 0 137 0 0 0 124 124 0 0 110 127 0 0 0 0 0
123 0 0 0 0 124 0 0 0 0 0 0 0 0 0 0 0 0 0 0 0 0 0 0 0 0 0 0 0 0 0 0 0 0 0 0 0 0 0 0 0 0 0 0 0 0 111 48 49 135 0 0 0 0 0 125 0 0 0 0 0 0 0 0 0 0 0 0 0 0 0 0 0 0 0 0 0 0 0 0 0 0 0 0 0 0 0 11 0 0 0 0 0 0 0 0 0 0 0 0 0 0 0 0 111 0 0 0 0 0 0 0 0 0 0 0 0 0 0 0 0 0 0 0 0 0 0 0 0 0 0 0 0 0 110 0 135 123 0 0 0 0 0 0 0 0 11 0 0 0
0 0 0 111 0 0 0 0 0 132 0 124 0 0 0 0 0 0 0 0 0 0 0 0 0 0 0 0 0 0 0 111 0 0 8 0 0 0 0 8 0 0 0 0 0 0 0 61 62 0 0 0 0 0 0 0 126 113 0 0 0 0 0 0 0 0 0 0 0 0 0 0 0 0 0 0 0 0 0 8 0 0 0 0 0 111 0 124 0 0 0 0 0 0 0 0 0 0 0 0 0 0 0 124 126 0 0 0 0 0 0 0 0 0 0 0 0 0 0 0 0 0 0 0 0 110 0 0 0 113 0 0 0 0 110 0 0 0 0 0 0 0 0 0 0 0 0 0 0 110
0 48 49 0 0 0 0 0 0 0 125 0 0 0 125 0 0 0 0 0 0 0 0 0 0 0 0 0 0 126 0 0 0 0 0 0 0 0 0 0 0 0 0 0 0 0 0 0 0 112 0 0 0 0 0 0 0 0 0 0 0 0 0 0 0 0 0 0 0 0 0 0 0 0 0 0 0 0 0 0 0 0 0 0 0 0 0 112 0 125 125 0 0 0 0 0 0 0 0 0 0 0 0 0 0 0 127 0 0 0 0 0 0 0 0 0 0 0 0 0 0 0 0 0 0 0 0 0 8 0 0 0 124 0 0 0 0 0 0 0 0 0 0 0 0 0 0 0 0 0
0 61 62 125 0 124 0 0 0 0 0 0 0 0 0 123 0 0 0 0 0 0 0 0 0 0 0 0 0 0 112 0 0 0 126 48 49 0 0 0 0 0 0 0 0 0 0 0 0 0 124 0 0 0 0 8 0 0 0 0 0 0 0 0 0 0 0 0 0 0 0 0 0 0 0 0 0 0 0 113 0 0 0 0 0 0 0 0 0 0 0 0 0 0 0 0 0 0 0 0 0 0 0 126 0 11 0 123 0 0 0 0 0 0 0 0 0 0 0 0 0 0 0 0 0 112 0 0 133 0 0 0 0 0 0 0 0 0 0 0 0 0 0 0 0 0 0 0 0 0
0 126 113 0 0 0 0 0 0 0 0 0 0 113 123 0 0 0 0 0 0 0 0 0 0 0 0 0 0 0 0 0 0 123 0 61 62 11 0 0 0 0 0 0 0 0 0 0 0 0 0 0 0 0 0 0 0 0 0 0 0 0 0 0 0 0 0 0 0 0 0 0 0 0 0 0 0 0 0 0 0 0 111 0 48 49 0 0 0 11 0 0 0 0 0 0 0 0 0 0 0 0 0 0 0 124 0 0 0 0 0 0 0 0 0 0 0 0 0 0 0 0 0 0 0 8 0 0 0 11 113 132 0 135 0 0 0 0 0 0 0 0 0 0 0 0 0 0 0 0
0 0 0 0 0 126 0 0 127 0 0 0 0 0 0 0 0 0 0 0 0 0 137 0 0 126 0 0 0 0 124 126 0 0 0 0 0 0 0 0 0 0 0 0 0 0 0 0 0 0 0 0 0 0 0 0 0 0 0 0 0 0 0 0 0 0 0 0 0 0 0 0 0 0 0 0 0 0 0 112 0 0 0 0 61 62 0 0 0 112 125 0 0 0 0 0 0 0 0 133 0 0 127 0 125 0 124 0 0 0 0 0 0 0 0 0 0 0 0 0 0 0 0 0 0 0 0 127 0 0 0 0 0 0 0 0 0 0 0 0 0 0 0 0 0 0 0 0 0 0
0 0 0 48 49 0 0 127 125 0 0 0 0 0 113 0 0 0 0 0 0 127 0 0 0 0 0 0 0 0 0 0 48 49 0 0 11 0 0 0 0 0 0 0 0 0 0 0 0 0 0 0 0 0 0 0 0 0 0 0 0 0 0 0 0 0 0 0 0 0 0 0 0 0 0 0 0 0 0 8 0 8 0 0 111 123 0 0 0 0 0 0 0 0 0 0 0 0 0 0 112 0 0 0 123 0 11 110 0 0 0 0 0 0 0 0 0 0 0 0 0 0 0 0 123 0 0 0 0 0 0 0 0 0 0 0 0 0 0 0 0 0 0 0 0 0 0 0 0 0
126 111 0 61 62 0 0 124 0 0 0 0 0 0 0 111 0 0 0 0 0 0 11 123 11 0 110 0 0 0 0 123 61 62 0 0 0 0 0 0 0 0 0 0 0 0 0 0 0 0 0 0 0 0 0 0 0 0 0 0 0 0 0 0 0 0 0 0 0 0 0 0 0 0 0 0 0 0 0 0 111 0 0 0 112 0 0 0 0 0 0 0 0 0 0 0 0 0 0 0 0 0 0 125 0 0 0 0 0 0 0 0 0 0 0 0 0 0 0 0 0 0 0 0 0 0 0 0 0 0 0 0 0 0 0 0 0 0 0 0 0 0 0 0 0 0 0 0 0 0
125 0 124 0 0 0 0 11 0 0 0 0 0 126 127 0 0 0 0 0 48 49 0 0 0 113 11 111 0 0 0 0 0 0 0 0 0 0 0 0 0 0 0 0 0 0 0 0 0 0 0 0 0 0 0 0 0 0 0 0 0 0 0 0 0 0 0 0 0 0 0 0 0 0 0 0 0 0 0 0 0 113 0 0 0 0 0 0 0 0 0 0 0 0 0 0 0 0 0 0 0 0 0 48 49 0 48 49 127 0 0 0 0 0 0 0 0 0 0 0 0 0 0 0 0 0 0 0 0 0 0 0 0 0 0 0 0 0 0 0 0 0 0 0 0 0 0 0 0 0
0 110 0 0 0 0 0 0 136 8 0 0 0 11 0 0 0 0 0 113 61 62 0 48 49 0 123 111 0 0 0 0 8 0 8 11 0 111 0 0 0 0 0 0 0 0 0 0 0 0 0 0 0 0 0 0 0 0 0 0 0 0 0 0 0 0 0 0 0 0 0 0 0 0 0 0 0 0 0 0 0 0 0 0 0 0 0 0 0 0 0 0 0 0 0 0 0 0 0 0 0 0 0 61 62 0 61 62 0 0 0 0 0 0 0 0 0 0 0 0 0 0 0 0 0 0 0 0 0 0 0 0 0 0 0 0 0 0 0 0 0 0 0 0 0 0 0 0 0 0
0 0 11 0 0 11 0 0 0 135 48 49 0 0 127 0 124 0 0 0 0 0 0 61 62 0 0 124 123 0 110 111 0 0 123 0 0 0 0 0 0 0 0 0 0 0 0 0 0 0 0 0 0 0 0 0 0 0 0 0 0 0 0 0 0 0 0 0 0 0 0 0 0 0 0 0 0 0 0 0 0 0 0 0 0 0 0 0 0 0 0 0 0 0 0 0 0 0 0 0 0 0 0 0 0 0 0 0 0 0 0 0 110 0 0 0 0 0 0 0 0 0 0 0 0 0 0 0 0 0 0 0 0 0 0 0 0 0 0 0 0 0 0 0 0 0 0 0 0 0
0 0 0 0 0 11 126 0 0 113 61 62 0 0 0 0 0 0 0 0 0 0 0 0 0 0 0 0 110 124 0 0 0 11 11 0 0 0 0 0 0 0 0 0 0 0 0 0 0 0 0 0 0 0 0 0 0 0 0 0 0 0 0 0 0 0 0 0 0 0 0 0 0 0 0 0 0 0 0 0 0 0 0 0 0 0 0 0 0 0 0 0 0 0 0 0 0 0 0 0 0 0 0 0 0 0 0 125 0 0 48 49 125 112 0 0 0 0 0 0 0 0 0 0 0 0 0 0 0 0 0 0 0 0 0 0 0 0 0 0 0 0 0 0 0 0 0 0 0 0
0 0 113 0 127 0 111 0 0 0 0 0 133 0 0 0 0 0 0 0 0 110 0 0 0 0 0 0 0 0 0 124 0 0 0 110 0 0 0 0 0 0 0 0 0 0 0 0 0 0 0 0 0 0 0 0 0 0 0 0 0 0 0 0 0 0 0 0 0 0 0 0 0 0 0 0 0 0 0 0 0 0 0 0 0 0 0 0 0 0 0 0 0 0 0 0 0 0 0 0 0 0 0 0 0 0 0 0 111 0 61 62 0 125 0 127 0 110 0 0 0 0 0 0 0 0 0 0 0 0 0 0 0 0 0 0 0 0 0 0 0 0 0 0 0 0 0 0 0 0
0 0 0 0 0 0 110 0 0 127 0 0 0 0 0 0 0 0 0 0 0 0 0 0 0 0 11 0 0 0 0 0 0 126 0 0 0 0 0 0 0 0 0 0 0 0 0 0 0 0 0 0 0 0 0 0 0 126 0 0 0 0 0 0 0 0 0 0 0 0 0 0 0 0 0 0 0 8 0 0 0 0 0 0 0 0 0 0 0 0 0 0 0 0 0 0 0 0 0 0 0 0 0 0 0 0 0 0 0 136 0 112 0 127 0 0 0 0 0 0 0 126 0 0 0 0 0 0 0 0 0 0 0 0 0 0 0 0 0 0 0 0 0 0 0 0 0 0 0 0
0 0 0 0 0 0 0 0 0 0 0 0 0 0 0 0 0 0 0 0 0 0 0 0 0 0 0 0 0 124 0 0 0 111 126 0 0 0 0 0 0 0 0 0 0 0 0 0 0 0 0 0 0 11 112 110 126 0 0 113 0 0 0 0 0 0 0 0 0 0 0 0 0 0 0 0 0 113 8 0 0 0 0 0 0 0 0 0 0 0 0 0 0 0 0 0 0 0 0 0 0 0 0 0 0 0 0 0 112 0 0 48 49 0 48 49 0 8 0 8 0 127 0 0 0 0 0 0 0 0 0 0 0 0 0 0 0 0 113 0 0 0 110 11 0 111 0 0 0 0
126 0 0 123 0 0 0 123 0 8 0 0 0 0 0 0 0 0 0 0 0 11 125 0 126 0 112 0 0 0 0 0 0 0 0 0 0 0 0 0 0 0 0 0 0 0 0 0 0 0 0 0 124 123 0 0 48 49 0 0 124 0 0 0 0 0 0 0 0 0 0 0 0 8 0 0 0 127 0 0 0 0 0 0 0 0 0 0 0 0 0 0 0 0 0 134 0 0 127 0 0 0 0 0 0 0 0 0 113 0 127 61 62 0 61 62 112 0 0 110 110 124 0 0 0 0 0 0 0 0 0 0 0 0 0 0 0 0 11 0 0 0 0 48 49 0 0 0 0 0
110 0 0 8 0 0 0 0 0 125 123 0 0 0 0 0 0 0 0 0 0 0 123 0 0 0 0 0 0 0 113 0 0 0 0 0 0 0 0 0 0 0 0 0 0 0 0 0 0 0 124 0 0 0 0 127 61 62 0 123 0 0 0 0 0 0 0 0 0 0 0 0 0 0 0 127 0 0 0 0 0 0 0 0 0 0 0 0 0 0 0 0 0 0 127 0 0 113 0 11 0 0 0 0 0 0 0 0 0 0 0 0 0 0 0 113 0 124 0 0 112 0 0 0 0 0 0 0 0 0 0 0 0 0 0 0 0 0 0 48 49 111 0 61 62 110 0 0 0 0
0 0 0 125 0 0 126 124 0 136 0 0 0 0 0 0 0 0 0 0 0 0 0 0 126 0 0 0 0 0 0 0 0 0 0 0 0 0 0 0 0 0 0 0 0 0 0 112 0 126 0 112 48 49 0 0 124 112 0 0 0 0 0 0 0 0 0 0 0 0 0 0 0 0 0 0 110 0 0 0 0 0 0 0 0 0 0 0 0 0 0 0 0 126 124 0 0 0 123 0 112 0 0 0 0 0 110 132 0 0 111 0 0 0 0 0 0 0 111 0 125 0 0 0 0 0 0 0 0 0 0 0 0 0 0 0 0 0 0 61 62 0 0 0 0 0 0 0 0 0
0 0 0 0 111 0 0 0 0 0 110 0 0 0 113 110 0 0 0 0 0 0 0 0 0 0 0 0 0 0 0 0 0 0 0 0 0 0 0 0 0 0 0 11 0 0 0 127 0 111 0 0 61 62 0 0 0 0 8 0 0 0 0 0 0 0 0 0 0 0 0 0 0 0 0 0 0 0 0 0 0 0 0 0 0 0 0 0 0 0 8 0 0 0 0 0 0 0 0 0 0 0 0 0 0 112 0 0 126 0 0 48 49 0 135 0 0 0 0 0 124 0 0 0 0 0 0 0 0 0 0 0 0 0 0 0 0 0 123 137 126 0 0 48 49 0 0 0 0 0
0 0 0 0 8 0 0 0 0 0 113 0 0 0 0 132 0 0 0 0 0 0 0 0 0 0 0 0 0 0 0 0 0 0 0 0 0 0 0 125 126 0 0 125 0 0 0 0 0 0 0 0 0 0 0 0 0 0 110 0 0 0 0 0 0 0 0 0 0 0 0 0 0 0 0 0 0 0 0 0 0 0 0 0 0 0 0 0 0 0 0 0 0 0 0 0 0 0 112 0 0 123 0 0 111 0 124 0 124 0 0 61 62 8 11 0 0 126 0 0 0 0 0 0 0 0 0 0 0 0 0 0 0 0 0 0 0 112 11 11 126 0 11 61 62 0 123 0 0 0
0 0 0 0 0 0 11 0 113 0 48 49 8 0 110 0 0 0 0 0 0 0 0 0 0 0 0 0 0 0 0 0 0 0 0 0 0 0 0 0 0 124 0 0 0 0 0 0 125 123 48 49 0 0 8 0 0 0 0 110 0 0 0 0 0 0 0 0 0 0 0 0 0 0 0 0 0 0 0 0 0 0 0 0 0 0 0 0 0 125 0 0 0 0 0 0 0 111 124 123 0 110 0 0 0 0 0 124 133 0 0 0 0 0 0 0 0 123 0 0 137 0 0 0 0 0 0 0 0 0 0 0 0 0 0 0 0 0 0 0 0 0 0 0 0 0 0 0 0 0
0 0 0 0 0 0 11 0 0 113 61 62 0 0 0 0 0 0 0 0 0 0 0 0 0 0 0 0 0 0 0 0 0 0 0 0 0 0 0 112 0 0 123 0 0 0 0 8 0 0 61 62 0 0 112 0 0 0 0 0 8 0 0 0 0 0 0 0 0 0 0 0 0 0 0 0 0 0 0 0 0 0 0 0 0 0 113 0 125 0 125 0 126 124 0 0 0 48 49 126 0 0 0 0 0 0 0 0 0 0 48 49 0 0 0 124 0 124 0 0 0 123 0 0 0 0 0 0 0 0 0 0 0 0 0 112 0 0 0 126 0 125 112 111 0 0 0 0 0 0
0 0 0 0 0 0 0 134 110 0 0 0 0 0 0 0 0 0 0 0 0 0 0 0 0 0 0 0 0 0 0 0 0 0 0 0 0 0 0 11 0 48 49 0 0 111 11 0 127 8 0 0 0 0 0 126 0 0 0 0 0 0 0 0 0 0 0 0 0 0 0 8 8 126 0 0 0 0 0 110 0 0 113 124 112 0 0 111 0 48 49 0 0 11 0 0 0 61 62 0 113 0 127 113 0 0 0 0 0 0 61 62 0 113 0 111 0 0 0 0 113 0 0 0 0 0 0 0 0 0 0 0 0 0 0 0 0 0 0 8 0 124 0 0 0 0 0 0 0 0
0 0 0 0 0 0 0 0 0 11 0 0 0 0 0 0 0 0 0 0 0 0 0 0 0 0 0 0 0 0 0 0 0 0 0 0 0 0 0 111 0 61 62 0 0 0 0 0 123 0 0 0 48 49 0 126 0 0 48 49 0 0 0 127 0 0 0 0 0 0 0 0 0 0 0 123 0 0 124 0 0 0 0 113 11 0 0 0 112 61 62 0 0 11 0 0 0 0 0 0 11 0 0 0 8 8 124 112 123 0 0 110 111 0 0 0 48 49 0 126 0 0 0 0 0 0 0 0 0 0 0 0 0 0 0 0 0 0 0 0 0 0 127 0 0 113 124 0 0 0
0 0 0 0 0 0 0 0 0 0 0 0 0 0 0 0 0 0 0 0 0 0 0 0 0 0 0 0 0 0 0 0 0 0 0 0 0 0 0 0 0 8 126 0 110 0 48 49 0 0 0 0 61 62 0 0 0 0 61 62 0 48 49 126 0 0 0 0 0 113 0 0 0 48 49 0 0 135 0 0 127 0 0 0 0 0 0 0 0 0 126 0 0 0 0 0 0 0 0 0 0 113 0 0 127 0 48 49 124 125 123 0 0 0 8 0 61 62 0 8 0 0 0 0 0 0 123 8 113 0 0 110 133 0 0 110 0 125 0 0 0 0 0 0 0 0 110 0 0 0
0 0 0 0 0 0 0 0 0 0 0 0 0 0 0 0 0 0 0 0 0 0 0 0 0 0 0 0 0 0 0 0 0 0 0 0 0 0 11 0 0 0 48 49 0 0 61 62 0 0 0 0 0 0 0 48 49 0 0 0 0 61 62 112 0 0 126 0 48 49 126 0 8 61 62 110 0 0 0 110 0 126 110 0 0 0 0 48 49 0 0 0 0 0 0 48 49 125 0 125 124 0 0 0 112 0 61 62 11 11 110 0 0 113 0 0 0 123 0 0 0 0 0 0 111 0 0 0 0 48 49 0 0 111 0 0 0 0 0 0 110 125 0 0 111 0 0 0 0 0
0 0 0 0 0 0 0 0 0 0 0 0 0 0 0 0 0 0 0 0 0 0 0 0 0 0 0 0 0 0 0 0 0 0 0 0 0 0 0 0 127 11 61 62 0 0 0 125 0 0 0 0 0 0 110 61 62 0 0 0 0 112 0 0 0 111 0 0 61 62 0 0 0 0 0 0 0 0 0 0 0 0 0 0 0 0 0 61 62 0 0 113 0 0 11 61 62 0 0 137 0 0 0 0 0 0 0 0 0 127 0 124 0 113 0 0 133 48 49 0 0 0 8 8 0 0 0 0 0 61 62 0 110 0 0 0 0 0 0 0 0 0 0 0 0 0 0 0 0 0
0 0 0 0 123 0 0 0 0 0 0 0 0 0 0 0 0 0 0 0 0 0 0 0 0 0 0 0 0 0 0 0 0 0 0 0 132 0 110 0 0 123 0 0 0 124 11 0 126 0 0 127 0 110 11 0 0 0 0 0 0 0 11 0 0 0 0 113 113 0 0 113 0 48 49 8 0 0 0 0 0 0 0 0 112 111 0 0 0 0 0 123 0 0 0 0 0 127 0 112 0 126 0 0 0 48 49 127 111 123 0 0 0 0 0 0 0 61 62 0 0 0 0 111 0 0 0 0 0 0 0 0 0 0 0 126 0 8 0 112 0 8 0 0 0 0 0 0 0 0
0 0 0 125 0 0 0 0 0 0 0 0 0 0 0 0 0 0 0 0 0 0 0 0 0 0 0 0 0 0 0 0 0 0 133 0 111 112 112 0 0 0 0 0 0 0 0 0 0 0 0 135 0 0 0 0 127 0 0 125 0 0 0 0 0 0 0 0 11 0 127 0 0 61 62 11 112 0 0 0 0 0 0 0 0 126 110 0 126 111 0 11 0 0 127 0 0 0 0 48 49 127 0 124 8 61 62 0 0 0 112 0 0 0 11 0 127 0 0 0 0 125 0 0 0 0 0 0 0 125 0 0 48 49 125 0 0 0 0 0 0 0 0 0 0 0 0 0 0 0
0 0 0 112 0 110 0 0 0 0 0 0 0 0 0 0 0 0 0 0 0 0 0 0 0 0 0 0 0 0 0 0 127 0 112 0 0 0 0 0 0 0 0 0 0 0 0 0 0 48 49 0 0 0 0 123 0 0 125 0 0 0 0 0 8 0 0 0 0 137 126 0 0 0 0 0 11 0 0 0 0 0 0 0 0 0 0 11 112 0 0 48 49 0 125 0 48 49 0 61 62 0 127 124 0 0 126 0 0 0 0 0 48 49 0 0 0 0 0 133 0 0 0 0 0 48 49 0 0 0 0 111 61 62 0 0 0 0 0 0 0 0 0 0 0 0 0 0 0 0
125 110 0 0 0 0 0 0 0 0 0 0 0 0 0 0 0 0 0 0 0 0 0 0 0 0 0 0 0 0 0 0 0 0 48 49 0 0 48 49 111 0 0 0 0 0 0 0 0 61 62 0 48 49 0 0 0 0 0 0 0 0 0 0 0 0 0 0 0 0 135 0 0 0 0 0 8 0 0 0 0 0 0 0 0 0 0 0 0 0 0 61 62 0 0 0 61 62 0 0 111 0 124 0 0 0 0 0 0 125 0 123 61 62 0 0 8 0 0 0 0 0 0 0 111 61 62 0 0 0 0 0 0 0 0 0 0 0 0 0 0 0 0 0 0 0 0 0 0 0
0 48 49 0 0 125 112 0 0 0 0 0 0 0 0 0 0 0 0 0 0 0 0 0 0 0 0 0 0 0 0 0 0 0 61 62 0 0 61 62 0 0 0 0 0 0 0 0 0 126 0 0 61 62 0 48 49 0 0 0 0 0 0 0 0 0 0 0 0 0 0 0 0 0 0 0 11 0 0 0 0 0 0 0 0 0 0 0 0 111 0 0 124 0 0 0 0 0 0 0 0 0 0 126 0 0 0 0 0 124 112 111 0 0 0 111 0 0 0 0 0 0 0 0 0 0 0 0 124 48 49 124 0 112 0 0 0 112 0 0 0 0 0 0 0 0 0 0 0 0
0 61 62 0 0 48 49 0 123 0 0 0 0 0 0 0 0 0 0 0 0 0 0 0 0 0 0 0 0 0 0 0 0 0 126 0 0 0 0 0 0 0 0 0 0 0 0 125 11 0 0 0 0 0 124 61 62 112 0 0 0 0 0 0 0 0 0 0 0 134 125 0 0 127 0 0 0 0 0 0 0 0 0 0 0 0 0 0 0 0 0 0 123 126 0 0 125 0 0 0 0 0 0 124 0 0 0 0 0 0 0 0 0 0 0 0 0 0 0 0 0 0 0 0 0 113 0 0 0 61 62 0 0 0 0 0 0 0 0 0 0 0 0 0 0 0 0 0 0 0
0 123 127 0 125 61 62 0 0 0 0 0 125 123 0 0 0 11 126 0 0 0 0 0 0 0 0 0 0 11 11 0 0 125 0 48 49 0 11 123 48 49 0 0 0 0 0 0 0 0 0 0 0 0 0 113 123 0 11 0 0 0 0 0 0 0 0 0 0 0 0 0 0 0 0 0 0 0 0 0 0 0 0 0 0 0 0 0 0 0 0 0 0 0 0 0 125 0 0 0 125 0 0 0 0 0 0 0 0 0 0 0 0 0 0 0 0 0 0 0 0 0 0 0 0 0 0 0 0 0 125 0 0 0 0 0 0 0 0 0 0 0 0 0 0 0 0 0 0 0
127 123 48 49 0 124 0 0 0 0 0 124 0 0 11 0 48 49 0 8 0 0 0 0 0 0 0 0 124 0 0 113 0 0 0 61 62 0 0 124 61 62 0 126 0 124 127 0 0 0 0 0 0 0 0 0 0 0 0 0 0 0 0 0 0 0 0 0 0 0 0 0 126 0 0 0 0 0 0 0 0 0 0 0 0 0 0 0 0 0 0 0 0 0 11 0 0 0 0 0 0 0 0 0 0 0 0 0 0 0 0 0 0 0 0 0 0 0 0 0 0 0 0 0 0 0 0 111 0 110 0 0 0 124 0 0 0 0 0 0 0 0 0 0 0 0 0 0 0 0
0 0 61 62 0 125 0 0 0 0 0 0 126 0 0 8 61 62 136 0 0 0 0 0 0 0 0 0 125 0 0 0 0 0 0 0 0 0 123 133 0 0 0 123 48 49 127 0 0 0 0 0 0 127 0 0 0 0 0 0 0 0 0 0 0 0 0 0 0 0 0 0 0 0 0 0 0 0 0 0 0 0 0 0 0 0 0 0 0 0 0 0 0 0 0 0 0 0 0 0 0 0 0 0 0 0 0 0 0 0 0 0 0 0 0 0 0 0 0 0 0 0 0 0 0 0 0 0 48 49 0 124 0 0 0 0 0 0 0 0 0 0 0 0 0 0 0 0 0 0
127 0 0 0 0 0 0 0 0 0 0 0 11 0 0 0 111 127 127 0 124 0 0 0 0 0 0 0 111 0 0 0 0 0 0 11 0 0 0 0 0 11 0 0 61 62 0 0 113 48 49 0 0 126 0 0 0 0 0 0 0 0 0 0 0 0 0 0 0 0 0 0 0 0 0 0 0 0 0 0 0 0 0 0 0 0 0 0 0 0 0 0 0 0 0 0 0 0 0 0 0 0 0 0 0 0 0 0 0 0 0 0 0 0 0 0 0 0 0 0 0 0 0 0 0 0 0 11 61 62 0 0 0 0 0 0 0 0 0 0 0 0 0 0 0 0 0 0 0 0
0 0 0 0 0 0 0 0 0 110 48 49 0 0 0 0 125 124 0 124 112 0 111 0 0 111 0 110 0 0 0 0 112 0 0 0 124 0 0 0 0 127 0 8 8 0 0 0 0 61 62 0 0 0 0 0 0 0 0 0 0 0 0 0 0 0 0 0 0 0 0 0 0 0 0 0 0 0 0 0 0 0 0 0 0 0 0 0 0 0 0 0 0 0 0 0 0 0 0 0 0 0 0 0 0 0 0 0 0 0 0 0 0 0 0 0 0 0 0 0 0 0 0 0 0 0 0 0 0 0 0 48 49 0 127 0 0 0 0 0 0 0 0 0 0 0 0 0 0 0
0 0 11 127 111 0 0 125 0 0 61 62 113 0 0 0 0 0 0 0 123 0 0 0 0 48 49 127 8 0 0 0 0 0 0 0 0 0 0 0 0 0 0 0 0 0 0 0 0 0 0 0 0 0 0 0 0 0 0 0 0 0 0 0 0 0 0 0 0 0 0 0 0 0 0 0 0 0 0 0 0 0 0 0 0 0 0 0 0 0 0 0 0 0 0 0 0 0 0 0 0 0 0 0 0 0 0 0 0 0 0 0 0 0 0 0 0 0 0 0 0 0 0 0 0 0 0 123 0 0 11 61 62 0 0 0 0 0 0 0 0 0 0 0 0 0 0 0 0 0
0 0 0 0 0 0 0 0 0 123 127 0 0 0 127 125 0 125 0 0 0 0 0 0 0 61 62 0 0 0 0 0 0 0 0 0 0 11 8 126 123 0 0 0 0 0 0 0 0 0 0 0 0 0 0 0 0 0 0 0 0 0 0 0 0 0 0 0 0 0 0 0 0 0 0 0 0 0 0 0 0 0 0 0 0 0 0 0 0 0 0 0 0 0 0 0 0 0 0 0 0 0 0 0 0 0 0 0 0 0 0 0 0 0 0 0 0 0 0 0 0 0 0 0 0 0 0 112 0 0 8 135 0 0 0 0 0 0 0 0 0 0 0 0 0 0 0 0 0 0
11 0 0 0 8 0 0 0 0 0 123 126 0 0 0 126 123 110 112 110 0 0 0 0 0 0 8 11 0 0 0 48 49 111 0 0 11 0 0 0 0 0 0 0 0 0 0 0 0 0 0 0 0 0 0 0 0 0 0 0 0 0 0 0 0 0 0 0 0 0 0 0 0 0 0 0 0 0 0 0 0 0 0 0 0 0 0 0 0 0 0 0 0 0 0 0 0 0 0 0 0 0 0 0 0 0 0 0 0 0 0 0 0 0 0 0 0 0 0 0 0 0 0 0 0 0 112 0 48 49 0 0 0 0 48 49 0 0 0 0 0 0 0 0 0 0 0 0 0 0
0 0 111 0 0 0 0 11 0 0 125 0 0 0 8 127 0 0 0 112 0 48 49 113 0 0 48 49 126 0 112 61 62 0 0 124 0 0 0 0 0 0 0 0 0 0 0 0 0 0 0 0 0 0 0 0 0 0 0 0 0 0 0 0 0 0 0 0 0 0 0 0 0 0 0 0 0 0 0 0 0 0 0 0 0 0 0 0 0 0 0 0 0 0 0 0 0 0 0 0 0 0 0 0 0 0 111 11 0 0 0 0 0 0 0 0 0 0 0 0 0 124 0 0 0 134 11 0 61 62 126 0 8 0 61 62 0 0 11 0 0 0 0 0 0 0 0 0 0 0
0 126 123 126 0 0 0 0 127 0 126 0 0 110 127 0 0 0 125 0 0 61 62 0 0 0 61 62 0 0 110 123 0 0 0 0 0 0 0 0 0 0 0 0 0 0 0 0 0 0 0 0 0 0 0 0 0 0 0 0 0 0 0 0 0 0 0 0 0 0 0 0 0 0 0 0 0 0 0 0 0 0 0 0 0 0 0 0 0 0 0 0 0 0 0 0 0 110 0 124 8 0 0 113 123 125 48 49 0 0 8 110 0 0 0 0 0 0 0 0 113 0 0 135 0 112 0 0 11 0 0 0 0 0 0 0 0 0 0 0 137 110 113 0 0 125 0 0 0 0
0 0 0 0 0 0 0 0 0 127 0 0 0 0 0 48 49 0 0 0 0 0 0 0 0 0 0 0 0 48 49 0 0 111 0 0 0 0 0 0 0 0 0 0 0 0 0 0 0 0 0 0 0 0 0 0 0 0 0 0 0 0 0 0 0 0 0 0 0 0 0 0 0 0 0 0 0 0 110 0 0 0 0 0 0 0 0 0 0 0 0 0 0 0 0 0 113 113 126 126 0 0 0 0 0 0 61 62 0 0 111 125 0 0 0 0 0 0 0 124 0 0 134 123 48 49 0 0 125 134 0 0 123 0 0 126 0 0 124 0 0 0 0 0 0 113 125 0 0 0
110 0 0 0 0 0 0 0 11 123 48 49 0 0 0 61 62 0 0 127 0 0 123 0 113 110 0 0 0 61 62 0 0 0 0 0 0 0 0 0 0 0 0 0 0 0 0 0 0 0 0 0 0 0 0 0 0 0 0 0 0 0 0 0 0 0 0 0 0 0 0 0 0 0 0 0 0 111 0 0 0 0 0 0 0 0 0 0 0 0 0 0 0 0 110 0 126 110 0 0 0 124 0 0 0 113 0 0 110 0 0 0 126 110 111 0 0 0 125 0 126 48 49 0 61 62 0 0 0 0 0 8 0 0 125 126 0 8 0 0 0 0 0 123 0 0 0 0 0 0
127 0 0 0 0 110 0 48 49 127 61 62 112 111 0 111 0 123 0 11 0 0 0 137 124 0 124 0 0 123 0 0 0 0 0 0 0 0 0 0 0 0 0 0 0 0 0 0 0 0 0 0 0 0 0 0 0 0 0 0 0 0 0 0 0 0 0 0 0 0 0 0 0 0 0 0 0 0 0 125 123 0 0 0 0 0 0 0 0 0 0 0 0 11 0 0 0 0 48 49 0 124 0 0 0 0 0 0 0 0 0 0 0 0 125 0 0 0 0 0 0 61 62 0 0 0 0 8 0 113 125 0 0 0 0 0 0 0 0 0 111 0 0 0 0 0 0 0 0 0
0 123 0 0 110 0 0 61 62 0 123 0 11 0 0 11 0 111 124 0 110 124 0 0 48 49 112 0 0 123 0 0 0 0 0 0 0 0 0 0 0 0 0 0 0 0 0 0 0 0 0 0 0 0 0 0 0 0 0 0 0 0 0 0 0 0 0 0 0 0 0 0 0 0 0 113 0 0 0 0 11 0 0 0 0 0 0 0 0 0 0 0 0 0 0 0 0 0 61 62 0 0 0 0 0 0 0 0 0 0 0 0 0 133 0 0 0 0 0 0 0 0 0 0 112 0 0 127 0 0 0 0 0 0 0 0 0 0 0 0 0 48 49 0 0 0 0 0 133 0
0 0 0 0 111 0 0 0 0 112 0 0 136 0 0 0 0 113 127 0 0 0 0 0 61 62 134 126 0 0 0 0 0 0 0 0 0 0 0 0 0 0 0 0 0 0 0 0 0 0 0 0 0 0 0 0 0 0 0 0 0 0 0 0 0 0 0 0 0 0 0 0 0 0 0 0 0 0 0 48 49 0 0 0 0 0 0 0 0 0 0 0 0 0 48 49 0 113 0 0 113 0 0 0 0 0 0 123 127 124 0 0 0 0 0 0 0 0 0 0 0 0 0 0 11 0 0 0 0 0 0 0 0 0 0 0 0 0 0 0 0 61 62 0 11 0 0 0 8 0
127 112 0 0 0 123 0 0 0 0 0 0 0 0 0 0 124 125 0 0 0 0 0 0 125 111 0 113 0 0 0 0 0 0 0 0 0 0 0 0 0 0 0 0 0 125 0 127 0 0 111 0 0 0 0 0 127 0 0 0 0 0 0 0 0 0 0 0 0 0 0 0 0 0 0 0 0 0 0 61 62 0 0 0 0 0 0 0 0 0 0 0 0 0 61 62 0 0 0 136 0 113 0 0 0 0 0 134 110 123 0 0 0 0 0 0 0 0 0 0 0 0 0 0 8 126 127 0 0 0 0 0 0 0 0 0 0 0 124 0 0 0 123 0 0 48 49 0 0 111
0 0 0 0 0 0 0 0 0 0 0 0 0 0 0 0 0 0 0 0 112 0 0 0 125 0 0 0 0 0 0 0 0 0 0 0 0 0 0 0 0 0 0 11 0 110 0 0 0 113 0 123 0 111 0 0 113 0 112 0 135 0 0 0 0 0 0 0 0 0 0 0 0 0 0 0 112 0 0 11 111 127 0 0 0 0 0 0 0 0 110 0 0 0 0 0 0 0 0 124 0 0 0 0 0 0 0 0 0 0 0 0 0 0 0 0 0 0 0 0 0 0 0 0 0 0 0 0 0 0 0 0 0 0 0 0 0 0 0 0 0 0 111 0 126 61 62 0 0 0
0 0 0 0 0 0 0 0 0 0 0 0 0 0 0 0 0 0 0 0 0 0 0 0 0 0 0 0 0 0 0 0 0 0 0 0 0 0 0 0 0 123 48 49 0 0 8 0 0 0 124 11 126 125 0 127 48 49 0 0 0 0 0 0 0 0 0 0 0 0 0 0 0 0 0 0 0 112 112 111 0 111 0 0 0 0 0 0 0 0 0 0 127 11 48 49 0 0 0 0 0 0 0 0 0 0 0 0 0 0 0 0 0 0 0 0 0 0 0 0 0 0 0 0 0 0 0 0 0 0 0 0 0 0 0 0 0 0 0 0 0 11 0 126 8 110 0 0 0 112
0 0 0 0 0 0 0 0 0 0 0 0 0 0 0 0 0 0 0 0 0 0 0 0 0 0 0 0 0 0 0 0 0 0 0 0 0 0 0 0 11 127 61 62 0 0 0 48 49 0 112 48 49 0 0 0 61 62 0 0 0 0 123 0 0 0 0 0 0 0 0 0 0 0 0 0 0 0 0 0 0 0 0 0 0 0 0 0 0 112 0 126 0 0 61 62 126 0 112 0 0 0 0 0 0 0 0 0 0 0 0 0 0 0 0 0 0 0 0 0 0 0 0 0 0 0 0 0 0 0 0 0 0 0 0 0 0 0 0 0 0 0 0 0 110 0 0 0 0 0
0 0 0 0 0 0 0 0 0 0 0 0 0 0 0 0 0 0 0 0 0 0 0 0 0 0 0 0 0 0 0 0 0 0 0 0 0 0 0 0 0 0 135 11 0 0 0 61 62 0 8 61 62 0 124 0 0 0 124 111 0 0 0 0 0 0 0 0 0 0 0 0 0 0 0 0 0 0 0 0 0 0 0 0 0 0 0 0 0 0 0 0 111 0 0 124 0 0 126 0 0 0 0 0 0 0 0 0 0 0 0 0 0 0 0 0 0 0 0 0 0 0 0 0 0 0 0 0 0 0 0 0 0 0 0 0 0 0 0 0 0 111 0 0 0 0 0 124 0 0
0 0 0 0 0 0 0 0 0 0 0 0 0 0 0 0 0 0 0 0 0 0 0 0 0 0 0 0 0 0 0 0 0 0 0 0 0 0 11 0 113 48 49 0 123 0 0 0 0 110 0 126 0 0 0 0 0 126 0 0 0 0 0 0 0 0 0 0 0 0 0 0 0 0 0 0 0 0 0 0 0 0 0 0 0 0 0 0 0 0 0 0 0 0 0 0 0 11 0 0 0 0 0 0 0 0 0 0 0 0 0 0 0 0 0 0 0 0 0 0 0 0 0 0 0 0 0 0 0 0 0 0 0 0 0 0 0 0 0 0 0 0 0 0 0 113 0 0 0 0
0 0 0 0 0 0 0 0 0 0 0 0 0 0 0 0 0 0 0 0 0 0 0 0 0 0 0 0 0 0 0 0 0 0 0 0 0 0 0 0 112 61 62 136 0 0 0 125 0 0 0 48 49 0 0 111 0 0 0 0 0 0 0 0 0 0 0 0 0 0 0 0 0 0 0 0 0 0 0 0 0 0 0 0 0 0 0 0 0 0 0 0 0 0 48 49 0 0 0 0 0 0 0 0 0 0 0 0 0 0 0 0 0 0 0 0 0 0 0 0 0 0 0 0 0 0 0 0 0 0 0 0 0 0 0 0 0 0 0 0 0 0 0 0 0 0 0 0 0 0
0 0 0 0 0 0 0 0 0 0 0 0 0 0 0 0 0 0 0 0 0 0 0 0 0 0 0 0 0 0 0 0 0 0 0 0 0 0 0 0 11 0 0 0 0 126 124 0 0 0 0 61 62 0 0 112 0 0 0 0 0 112 111 127 0 0 0 0 0 0 0 0 0 0 0 0 0 0 0 0 0 0 0 0 0 0 0 0 0 0 0 0 0 0 61 62 0 0 0 0 0 0 0 0 0 0 0 0 0 0 0 0 0 0 0 0 0 0 0 0 0 0 0 0 0 0 0 0 0 0 0 0 0 0 0 0 0 0 0 0 0 0 0 0 0 0 0 0 0 0
0 0 0 0 0 0 0 0 0 0 0 0 0 0 0 0 0 0 0 0 0 0 0 0 0 0 0 0 0 0 0 0 0 0 0 0 0 0 126 123 0 0 0 0 124 0 0 8 0 0 126 123 124 0 0 113 0 0 0 0 0 113 123 0 0 0 0 0 0 0 0 0 0 0 0 0 0 0 0 0 0 0 0 0 0 0 0 0 0 0 0 0 0 0 0 0 0 0 0 0 0 0 0 0 0 0 0 0 0 0 0 0 0 0 0 0 0 0 0 0 0 0 0 0 0 0 0 0 0 0 0 0 0 0 0 0 0 0 0 0 0 0 0 0 0 0 0 0 0 0
0 0 0 0 0 0 0 0 0 0 0 0 0 0 0 0 0 0 0 0 0 0 0 0 0 0 0 0 0 0 0 0 0 0 0 0 0 0 0 0 0 0 110 0 0 0 8 112 48 49 0 0 0 124 0 0 0 0 0 0 0 0 0 0 0 0 0 0 0 0 0 0 0 0 0 0 0 0 0 0 0 0 0 0 0 0 0 0 0 0 0 0 0 0 0 0 0 0 0 0 0 0 0 0 0 0 0 0 0 0 0 0 0 0 0 0 0 0 0 0 0 0 0 0 0 0 0 0 0 0 0 0 0 0 0 0 0 0 0 0 0 0 0 0 0 0 0 0 0 0
0 0 0 0 0 0 0 0 0 0 0 0 0 0 0 0 0 0 0 0 0 0 0 0 0 0 0 0 0 0 0 0 0 0 0 0 0 127 0 0 0 0 8 133 0 0 0 125 61 62 113 0 0 127 0 0 0 0 0 0 0 111 0 0 0 0 0 0 0 0 0 0 0 0 0 0 0 0 0 0 0 0 0 0 0 0 0 0 0 0 0 0 0 0 0 0 0 0 0 0 0 0 0 0 0 0 0 0 0 0 0 0 0 0 0 0 0 0 0 0 0 0 0 0 0 0 0 0 0 0 0 0 0 0 0 0 0 0 0 0 0 0 0 0 0 0 0 0 0 0
0 0 0 0 0 0 0 0 0 0 0 0 0 0 0 0 0 0 0 0 0 0 125 0 0 0 0 0 0 0 0 0 0 0 0 0 0 0 0 125 0 0 110 0 111 0 112 0 0 0 0 11 0 0 0 0 0 111 0 0 0 0 136 0 0 0 0 0 0 0 0 0 0 0 0 0 0 0 0 0 0 0 0 0 0 0 0 0 0 0 0 0 0 0 0 0 0 0 0 0 0 0 0 0 0 0 0 0 0 0 0 0 0 0 0 0 0 0 0 0 0 0 0 0 0 0 0 0 0 0 0 0 0 0 0 0 0 0 0 0 0 0 0 0 0 0 0 0 0 0
0 0 0 126 0 8 0 125 0 0 0 0 0 0 0 0 0 0 0 0 127 126 0 0 0 8 0 0 0 0 0 0 0 0 0 0 0 0 0 0 0 0 0 0 0 0 0 0 0 0 0 0 0 111 0 0 0 0 0 124 127 0 124 0 0 0 0 0 0 0 0 0 0 0 0 0 0 0 0 0 0 0 0 0 0 0 0 0 0 0 0 0 0 0 0 0 0 0 0 0 0 0 0 0 0 0 0 0 0 0 0 0 0 0 0 0 0 0 113 0 124 0 124 0 0 0 0 0 0 0 0 0 0 0 0 0 0 0 0 0 0 0 0 0 0 0 0 0 0 0
