0 0 0 0 0 0 0 0 0 0 0 0 0 0 0 0 123 0 0 0 0 0 0 0 0 0 0 0 0 0 0 0 0 0 0 0 125 0 0 0 0 0 0 0 0 0 0 0 0 0 0 0 0 0 0 0 0 0 0 0 0 0 0 0 0 0 0 0 0 0 0 0 0 0 0 0 0 0 0 0 0 0 0 0 0 0 0 0 0 0 0 0 113 0 0 0 0 113 0 8 110 110 0 0 0 0 0 0 0 0 0 0 0 0 0 0 0 0 0 0 0 0 0 0 0 0 0 0 0 111 48 49 0 113 126 0 0 0 0 0 0 0 0 0 0 0 0 0 0 0
0 0 0 0 0 0 0 0 0 0 0 0 0 0 0 0 0 0 0 0 0 0 0 0 0 0 0 0 0 0 0 0 0 111 0 125 0 0 0 0 0 123 0 0 0 0 0 0 0 0 0 0 0 0 0 0 124 0 48 49 123 0 0 0 0 0 0 0 0 0 0 0 0 0 0 0 0 0 0 0 0 0 0 0 0 0 0 0 0 0 0 0 136 0 0 0 11 48 49 0 112 0 0 0 0 0 0 0 0 0 0 0 0 0 0 0 0 0 0 0 0 0 0 48 49 0 0 0 0 0 61 62 0 0 0 0 0 0 0 0 0 0 0 0 0 0 0 0 0 0
0 0 0 0 0 0 0 0 0 0 0 0 0 0 0 0 0 0 0 0 0 0 0 0 0 0 0 0 0 0 0 0 0 0 0 0 0 125 110 0 0 0 0 0 0 0 0 0 0 0 0 0 0 112 8 0 0 0 61 62 110 0 0 0 0 0 0 0 0 0 0 0 0 0 0 0 0 0 0 0 0 0 0 0 0 0 0 0 0 0 0 0 0 0 0 0 0 61 62 0 0 0 0 0 0 0 0 0 0 0 0 0 0 0 0 0 0 0 0 0 0 0 125 61 62 0 112 0 8 0 0 0 0 0 0 11 0 0 0 0 0 0 0 0 0 0 0 0 0 0
0 124 0 0 0 0 0 0 0 0 0 0 0 0 0 0 0 0 0 0 0 0 0 0 0 0 0 0 0 0 0 0 0 0 125 48 49 112 0 0 0 0 0 0 0 0 0 0 0 0 0 0 0 0 0 0 0 125 0 0 123 111 0 0 0 0 0 0 0 0 0 0 0 0 0 0 0 0 0 0 0 0 0 0 0 0 0 0 0 0 0 0 0 0 124 137 0 0 0 0 125 0 0 0 0 0 0 0 0 0 0 0 0 0 0 0 0 0 0 0 0 0 0 8 0 0 0 0 11 8 0 0 0 123 0 8 123 0 0 0 0 0 0 0 0 0 0 0 0 0
0 0 0 0 0 0 0 0 0 0 0 0 0 0 0 0 0 0 0 0 0 0 0 0 0 0 0 0 0 0 0 0 0 111 0 61 62 0 0 125 0 0 0 0 0 0 0 0 0 0 0 0 124 0 0 0 0 0 0 0 0 110 0 0 0 0 0 0 0 0 0 0 0 0 0 0 0 0 0 0 0 0 0 0 0 0 0 0 0 0 0 0 0 0 0 0 0 0 0 0 0 112 110 0 0 0 0 0 0 0 0 0 0 0 0 0 0 0 0 0 0 0 132 123 0 113 0 0 110 11 0 0 0 11 0 112 0 112 0 0 0 0 0 0 0 0 0 0 0 0
124 0 0 0 11 0 0 0 0 0 0 0 0 0 0 0 0 0 0 0 0 0 0 0 0 0 0 0 0 0 0 0 0 0 0 0 0 0 0 0 0 0 0 0 0 0 0 0 0 0 0 0 0 0 0 126 0 126 124 127 0 112 0 0 0 0 0 0 0 0 0 0 0 0 0 0 0 0 0 0 0 0 0 0 0 0 0 0 0 0 0 0 0 0 0 0 126 0 0 0 0 0 0 0 0 0 0 0 0 0 0 0 0 0 0 0 0 0 0 0 0 0 0 0 110 0 0 0 124 0 0 0 0 0 110 0 0 0 0 0 0 0 0 0 0 0 0 0 0 0
0 126 0 111 123 124 0 0 0 0 0 0 0 0 0 0 0 0 0 0 0 0 0 0 0 0 0 0 0 0 0 0 0 0 0 0 0 0 0 0 0 0 0 0 0 0 0 0 0 0 0 0 0 0 0 124 0 48 49 0 0 0 113 0 0 0 0 0 0 0 0 0 0 0 0 0 0 0 0 0 0 0 0 0 0 0 0 0 0 0 0 0 0 0 0 111 0 0 0 0 0 0 0 0 0 0 0 0 0 0 0 0 0 0 0 0 0 0 0 0 0 0 0 125 0 0 0 0 0 0 0 125 113 0 0 126 123 0 0 0 0 0 0 0 0 0 0 0 0 0
0 0 0 0 0 0 0 125 0 0 0 0 0 0 0 0 0 0 0 0 0 0 0 0 0 127 0 0 0 0 0 0 0 0 0 0 0 0 0 0 0 0 0 0 0 0 0 0 0 0 0 0 0 0 126 125 110 61 62 0 0 127 123 0 0 0 0 0 0 0 0 0 0 0 0 0 0 0 0 0 0 113 0 0 0 0 0 8 0 0 0 0 0 0 0 0 0 0 0 0 0 0 0 123 0 0 0 0 0 0 0 0 0 0 0 0 0 0 0 0 0 0 0 0 11 0 0 0 0 0 0 0 0 0 111 0 126 0 0 0 11 0 112 0 0 0 125 0 0 0
124 0 0 0 0 0 0 0 0 0 0 0 0 0 0 0 0 0 0 0 0 127 0 0 0 0 0 0 0 0 0 0 0 0 0 0 0 0 0 0 0 0 0 0 0 0 0 0 0 0 0 0 0 126 0 0 0 0 0 0 0 0 0 0 0 0 0 0 0 0 0 0 0 0 0 0 0 0 0 126 124 0 0 0 0 110 0 123 0 0 0 0 0 0 0 0 0 0 0 0 123 8 0 0 0 0 0 0 0 0 0 0 0 0 0 0 0 0 0 0 0 0 0 0 124 0 0 0 124 0 0 126 125 0 0 123 0 0 0 0 0 126 0 0 0 132 0 0 0 0
0 123 0 123 0 0 0 0 0 0 123 0 0 0 0 0 0 0 0 0 0 0 0 123 0 0 8 0 0 0 0 127 0 0 0 0 0 0 0 0 0 0 0 0 0 0 0 0 0 0 0 0 0 0 0 0 111 127 0 0 125 0 0 0 0 0 0 0 0 0 0 0 0 0 0 0 0 0 0 127 0 113 0 113 0 0 0 0 125 110 0 0 0 0 0 0 0 0 0 0 0 0 127 0 124 111 0 0 0 0 0 0 0 0 0 0 0 0 0 0 0 0 0 0 0 0 0 0 0 0 48 49 135 0 0 0 48 49 0 0 132 0 111 0 0 0 0 123 0 0
0 0 137 137 0 0 0 127 0 125 0 0 0 0 0 0 0 0 0 0 0 0 0 124 0 112 0 0 0 0 0 0 0 0 0 0 0 0 0 0 0 0 0 0 0 0 0 0 0 0 124 112 0 0 126 0 0 0 0 127 0 0 0 0 0 0 0 0 0 0 0 0 0 0 0 0 0 124 0 0 48 49 0 0 127 0 0 0 0 0 0 0 0 0 0 0 0 0 0 0 0 0 127 0 0 8 0 0 0 0 0 0 0 0 0 0 0 0 0 0 0 0 0 0 0 124 123 0 0 0 61 62 0 0 126 0 61 62 0 0 11 0 0 0 137 111 0 123 0 0
0 126 0 0 0 0 0 0 0 0 0 0 0 113 0 0 0 0 0 0 136 0 0 0 0 8 124 0 123 0 124 0 0 0 0 0 0 0 0 0 0 0 0 0 0 0 0 0 0 110 133 0 11 0 0 125 123 0 126 0 0 0 0 0 0 0 0 0 0 0 0 0 0 0 0 0 113 0 0 0 61 62 0 0 0 0 0 110 0 0 0 0 0 0 0 0 0 0 0 0 127 0 0 125 0 0 0 0 0 0 0 0 0 0 0 0 0 0 0 0 0 0 0 0 0 0 8 0 123 0 0 0 0 0 0 0 0 11 112 0 0 125 0 0 0 0 0 0 0 111
124 0 0 0 0 0 0 0 0 0 0 0 0 0 0 0 0 0 0 0 0 8 111 0 0 0 0 0 0 11 0 0 0 0 0 0 0 0 0 0 0 0 0 0 0 0 0 0 125 123 0 0 0 0 0 0 0 0 110 0 0 0 0 0 0 0 0 0 0 0 0 0 0 0 0 0 0 0 0 0 124 127 0 0 0 0 133 112 125 0 125 0 0 0 0 0 0 0 0 0 11 0 0 0 0 0 0 0 0 0 0 0 0 0 0 0 0 0 0 0 0 0 124 0 0 0 0 0 0 0 0 8 0 0 0 0 112 112 0 0 0 0 0 137 0 127 48 49 0 0
0 124 0 0 0 11 112 0 0 0 136 48 49 125 0 0 0 0 0 0 0 0 0 0 0 0 0 0 0 0 0 0 0 0 0 0 0 0 0 0 0 0 0 0 0 0 0 0 112 0 113 48 49 0 0 0 0 0 8 0 0 0 0 0 0 0 0 0 0 0 0 0 0 0 0 0 123 0 0 0 0 0 0 0 0 123 48 49 0 0 0 0 0 0 0 0 0 0 0 0 0 0 0 0 0 0 0 0 0 0 0 0 0 0 0 0 0 0 0 0 0 0 0 0 0 8 0 0 0 0 8 124 0 0 0 0 0 0 0 0 0 0 0 0 0 0 61 62 0 0
124 0 0 0 0 125 0 0 0 0 0 61 62 0 0 0 0 0 0 0 0 135 0 125 0 0 0 11 0 0 0 0 0 0 0 0 0 0 0 0 0 0 0 0 0 0 0 48 49 125 0 61 62 0 113 0 124 0 124 0 0 0 0 0 0 0 0 0 0 0 0 0 0 0 0 0 0 0 113 0 0 0 0 124 0 8 61 62 0 0 0 0 0 0 0 0 0 0 0 0 0 0 0 0 0 0 0 0 0 0 0 0 0 0 0 0 0 0 0 0 0 0 0 126 48 49 0 0 0 0 0 0 0 0 0 0 0 0 0 0 0 0 0 0 0 125 0 0 0 0
112 0 0 0 126 0 0 0 0 0 111 8 0 0 0 0 0 0 0 0 0 0 0 0 0 124 0 0 0 0 0 0 0 0 0 0 0 0 0 0 0 0 0 126 124 0 0 61 62 0 0 0 0 0 0 0 0 0 127 0 0 0 0 0 0 0 0 0 0 0 0 0 0 0 0 0 0 125 0 8 0 0 0 111 0 0 0 0 0 0 0 0 0 0 0 0 0 0 0 0 0 0 123 0 0 124 0 0 0 0 0 0 0 0 0 0 0 0 0 0 0 0 0 0 61 62 0 0 111 48 49 110 0 0 0 0 0 0 0 0 0 0 0 0 0 0 0 0 125 0
0 113 123 0 0 0 0 0 0 111 127 125 0 11 0 0 0 0 0 0 0 0 135 0 0 0 0 0 0 0 0 0 0 0 0 0 0 0 0 0 0 8 0 0 0 0 111 11 0 0 127 0 127 0 0 0 0 0 0 0 0 0 0 0 0 0 0 0 0 0 0 0 0 0 0 0 0 0 0 0 123 125 123 0 0 0 48 49 112 0 0 0 0 0 0 0 0 0 0 0 0 0 0 0 0 0 0 0 0 0 0 0 0 0 0 0 0 0 0 0 0 127 0 124 0 0 0 0 0 61 62 125 0 0 0 0 0 0 0 0 0 0 0 0 0 126 0 0 0 0
11 0 0 0 0 0 0 123 0 0 110 0 0 0 0 0 0 0 0 0 0 0 0 0 0 0 0 0 0 0 0 0 0 0 0 0 0 0 0 0 0 0 0 112 0 0 0 0 0 0 0 0 0 0 0 0 0 0 0 0 0 0 0 0 0 0 0 0 0 0 0 0 0 0 0 0 0 0 123 0 0 0 0 0 0 0 61 62 0 0 0 0 0 0 0 0 0 0 0 0 0 0 0 0 0 0 0 0 0 0 0 0 0 0 0 0 0 0 0 0 0 0 123 0 0 0 0 0 11 125 0 0 0 123 0 0 0 0 0 0 0 0 0 0 0 124 0 0 0 123
0 0 0 0 110 132 125 0 0 0 0 0 0 0 0 137 0 0 0 0 0 0 0 0 0 0 0 0 0 0 0 0 0 0 0 0 0 0 0 0 0 110 8 0 124 8 0 0 110 0 126 0 0 0 0 0 0 0 0 0 0 0 0 0 0 0 0 0 0 0 0 0 0 0 0 0 0 0 0 0 110 110 0 0 0 0 0 0 0 111 0 0 0 0 0 0 0 0 0 0 0 0 0 0 0 0 0 0 0 0 0 0 0 0 0 0 0 0 0 0 0 0 11 124 8 0 11 0 0 0 0 126 0 0 0 0 0 0 0 0 0 0 0 0 0 0 0 0 0 0
0 0 113 0 0 0 0 0 0 11 0 0 127 8 0 0 0 0 0 0 0 0 0 0 0 0 0 0 0 0 0 0 0 0 0 0 0 0 0 0 124 125 124 0 0 0 0 0 0 0 0 110 113 0 0 0 0 0 0 0 0 0 0 0 0 0 0 0 0 0 0 0 0 0 0 0 0 0 0 0 0 0 0 0 0 126 124 8 0 0 0 0 0 0 0 0 0 0 0 0 0 0 0 0 0 0 0 0 0 0 0 0 0 0 0 0 0 0 0 0 0 0 0 0 0 0 0 0 0 123 0 0 0 0 0 0 0 0 0 0 0 0 0 0 0 0 0 0 112 0
0 0 0 111 110 0 0 0 0 0 0 0 112 127 0 0 111 0 0 0 0 0 0 0 0 0 0 0 0 0 0 0 0 0 0 0 0 0 0 0 0 110 0 0 11 0 0 137 0 0 0 0 0 0 0 0 0 0 0 0 0 0 0 0 0 0 0 0 0 0 0 0 0 0 0 0 0 0 0 0 0 0 0 0 11 0 125 135 0 0 0 0 0 0 0 0 0 0 0 0 0 0 0 0 0 0 0 0 0 0 0 0 0 0 0 0 0 0 0 0 0 11 125 124 124 0 0 0 0 127 0 126 133 0 0 0 0 0 0 0 0 0 0 0 0 0 0 0 113 0
0 0 0 0 112 11 127 127 125 0 113 0 0 123 0 0 0 125 0 0 0 0 0 0 0 0 0 0 0 0 0 0 0 0 0 0 0 0 0 0 0 0 125 127 0 0 0 8 11 0 0 0 0 0 0 0 0 0 0 0 0 0 0 0 0 0 0 0 0 0 0 0 0 0 0 0 0 0 0 0 0 0 0 0 0 0 0 0 0 0 0 0 0 0 0 0 0 0 0 0 0 0 0 0 0 0 0 0 0 0 0 0 0 0 0 0 0 0 0 0 11 125 0 0 0 0 0 0 0 0 0 0 123 0 0 0 0 0 0 0 0 0 0 0 0 0 0 0 0 0
0 0 0 0 0 0 111 0 112 11 11 125 0 0 0 0 0 0 0 0 0 0 0 0 0 0 0 0 0 0 0 0 0 0 0 0 0 0 0 0 124 0 0 0 0 0 0 0 0 0 0 0 0 0 0 0 0 0 0 0 0 0 0 0 0 0 0 0 0 0 0 0 0 0 0 0 0 0 0 0 0 0 0 0 0 0 0 0 0 0 0 0 11 0 0 0 0 123 0 0 0 0 0 0 0 0 0 0 0 0 0 0 0 0 0 0 0 0 0 0 0 0 0 11 0 0 0 126 11 0 0 0 126 0 0 0 0 0 0 0 0 0 0 0 0 0 0 0 0 0
0 0 0 0 0 0 0 112 0 0 0 0 0 0 48 49 112 0 0 0 0 0 0 0 0 0 0 0 0 0 0 0 0 0 0 0 0 0 0 0 0 124 0 0 0 126 8 124 0 0 0 0 0 0 0 0 0 0 0 0 0 0 0 0 0 0 0 0 0 0 0 0 0 0 0 0 0 0 0 0 0 0 0 0 0 0 0 0 0 0 0 0 0 0 0 0 0 0 0 0 0 0 0 0 0 0 0 0 0 0 0 0 0 0 0 0 0 0 0 110 123 0 0 124 0 0 0 0 0 113 0 0 0 0 0 0 0 0 0 0 0 0 0 0 0 0 0 0 0 0
0 0 0 0 0 0 0 0 0 0 124 113 0 110 61 62 0 0 0 0 0 0 0 0 0 0 0 0 0 0 0 0 0 0 0 0 0 0 0 110 0 0 0 0 0 0 0 0 0 0 0 0 0 0 0 0 0 0 0 0 0 0 0 0 0 0 0 0 0 0 0 0 0 0 0 0 0 0 0 0 0 0 0 0 0 0 0 0 0 0 0 0 112 0 0 111 110 0 0 110 0 0 0 0 0 0 0 0 0 0 0 0 0 0 0 0 0 0 0 0 124 0 0 0 127 0 0 0 0 0 0 0 0 0 0 0 0 0 0 0 0 0 0 0 0 0 0 0 0 0
0 0 0 0 0 0 0 0 0 0 8 0 0 0 11 126 0 0 0 0 0 0 0 0 0 0 0 0 0 0 0 0 0 0 0 0 113 0 0 0 0 0 0 0 0 0 0 0 0 0 0 0 0 0 0 0 0 0 0 0 0 0 0 0 0 0 0 0 0 0 0 0 0 0 0 0 0 0 0 0 0 0 0 0 0 0 0 0 0 0 127 0 0 0 48 49 0 0 0 124 0 0 0 0 0 0 0 0 0 0 0 0 0 0 0 0 0 0 0 111 0 0 0 0 48 49 0 11 0 48 49 0 123 11 0 0 0 0 0 0 0 0 0 0 0 0 0 0 0 110
0 0 0 0 0 0 0 0 0 0 112 48 49 0 126 0 0 0 0 0 0 0 0 0 0 0 0 0 0 0 0 0 0 0 127 126 0 123 0 0 0 0 0 0 0 0 0 0 0 0 0 0 0 0 0 0 0 0 0 0 0 0 0 0 0 0 0 0 0 0 0 0 0 0 0 0 0 0 0 0 0 0 0 0 0 0 0 0 0 0 0 0 0 123 61 62 0 124 0 0 112 0 0 0 0 0 0 0 0 0 0 0 0 0 0 0 0 0 0 0 0 0 125 113 61 62 0 110 0 61 62 126 0 111 125 0 0 0 0 0 0 0 0 0 0 0 0 0 123 123
0 0 0 0 0 0 0 0 0 0 0 61 62 11 126 0 0 0 0 0 0 0 0 0 0 0 0 0 0 0 0 0 0 0 0 0 110 0 0 0 0 0 0 0 0 0 0 0 0 0 0 0 0 0 0 0 0 0 0 0 0 0 0 0 0 0 0 11 0 0 0 11 0 0 0 0 0 0 0 0 0 0 0 0 0 0 0 0 0 0 134 0 0 0 0 0 0 0 48 49 0 124 0 0 0 0 0 0 0 0 0 0 0 0 0 0 0 0 0 0 0 0 11 0 0 0 0 123 0 0 0 0 0 11 0 11 0 0 0 0 0 0 0 0 0 0 0 0 124 0
0 0 0 0 0 0 0 0 0 0 0 0 0 0 0 0 0 0 0 0 0 0 0 0 0 0 0 0 0 0 0 0 0 0 0 123 124 0 110 0 0 0 0 0 0 0 0 0 0 0 0 0 0 0 0 0 0 0 0 0 0 0 0 0 0 0 0 0 0 0 113 112 0 0 0 0 0 0 0 0 0 0 0 0 0 0 0 0 0 0 0 0 0 113 0 0 0 124 61 62 0 0 0 0 0 0 0 0 0 0 0 0 0 0 0 0 0 0 0 0 0 113 0 0 0 11 126 48 49 0 0 0 0 0 0 0 0 0 0 0 0 0 0 0 0 0 0 0 0 0
0 0 0 0 0 0 0 0 0 0 0 0 0 0 0 0 0 0 0 0 0 0 0 0 0 0 0 0 0 0 0 126 0 0 0 0 0 0 0 0 110 0 123 0 0 0 0 0 0 0 125 0 0 0 0 0 123 125 124 0 0 0 8 0 0 127 48 49 0 127 0 0 0 0 0 0 0 0 0 0 0 0 0 0 0 0 0 0 0 0 0 0 111 48 49 0 127 123 0 0 0 0 0 123 0 0 0 126 0 0 0 0 0 0 0 0 0 0 0 0 0 0 0 113 0 0 0 61 62 0 113 11 0 0 0 0 0 0 0 0 0 0 0 0 0 0 0 0 8 0
0 0 0 0 0 0 0 0 0 0 0 0 0 0 0 0 0 0 0 0 0 0 0 0 0 0 0 0 0 0 0 126 0 0 124 0 0 48 49 0 0 0 0 48 49 110 127 0 126 0 0 0 0 0 0 0 124 8 0 125 0 0 0 126 0 0 61 62 0 11 48 49 0 0 126 127 127 0 0 0 0 0 0 0 0 0 0 0 0 0 0 0 123 61 62 127 0 0 8 0 8 134 0 0 123 0 0 125 126 0 0 0 0 0 0 0 0 0 0 0 0 0 0 126 11 123 0 0 0 0 0 0 125 125 0 0 0 0 0 0 0 0 0 0 0 0 113 0 0 0
0 0 0 0 0 0 0 0 0 0 0 0 0 0 0 0 0 0 0 0 0 0 0 0 0 0 0 0 0 132 123 113 0 125 48 49 0 61 62 0 0 0 0 61 62 0 0 11 0 0 0 0 126 0 125 0 112 0 0 112 0 123 0 0 0 123 0 0 111 0 61 62 0 0 123 0 0 0 0 0 0 0 0 0 0 0 0 0 0 0 0 0 113 0 0 127 8 0 8 0 0 0 0 0 0 48 49 127 113 0 0 0 0 0 0 0 0 0 0 0 0 0 0 0 111 0 0 0 111 127 0 48 49 0 0 0 111 124 0 0 0 0 0 0 0 0 110 0 126 0
0 0 0 0 0 0 0 0 0 0 0 0 0 0 0 0 0 0 0 0 0 0 0 0 0 0 0 0 0 127 0 0 0 0 61 62 123 127 0 123 0 111 125 0 0 0 0 0 8 11 113 0 48 49 0 48 49 0 48 49 0 0 0 0 0 0 0 123 0 0 0 0 11 0 0 124 0 0 0 0 0 0 0 0 0 0 0 0 0 0 0 0 0 126 0 0 0 0 0 0 0 0 0 0 0 61 62 0 112 0 0 0 0 0 0 0 0 0 0 0 0 0 0 0 0 0 0 0 0 0 126 61 62 0 0 0 0 0 0 0 0 0 0 11 123 0 0 0 8 0
0 0 0 0 0 0 0 0 0 0 0 0 0 0 0 0 0 0 0 0 0 0 0 0 0 0 0 0 0 0 0 0 111 0 0 0 0 0 0 0 0 124 0 0 8 123 8 48 49 0 125 0 61 62 123 61 62 0 61 62 0 0 0 0 113 0 127 0 0 0 0 0 132 0 0 0 0 0 0 0 0 0 0 0 0 0 0 0 0 0 0 0 0 0 0 111 0 0 48 49 0 48 49 0 0 0 0 0 0 110 0 0 0 0 0 0 0 0 0 0 0 0 0 0 0 0 0 48 49 127 124 0 0 0 0 0 11 0 0 0 0 0 0 0 0 127 0 0 0 0
0 0 0 0 0 0 0 0 0 0 0 0 0 0 0 0 0 0 0 0 0 0 0 0 0 0 0 0 0 0 0 0 0 0 0 48 49 110 110 0 127 0 0 0 0 0 0 61 62 0 0 0 0 0 0 0 8 0 0 0 0 0 0 0 0 110 0 126 0 0 0 0 0 124 0 0 0 0 0 0 0 0 0 0 0 0 0 0 0 0 0 0 0 0 0 0 0 0 61 62 0 61 62 0 0 112 0 0 0 127 0 0 0 0 0 0 0 0 0 0 0 0 0 0 126 0 0 61 62 0 0 0 48 49 125 0 0 0 0 0 0 0 0 135 0 110 0 0 0 0
0 0 0 0 0 0 0 0 0 0 0 0 0 0 0 0 0 0 0 0 0 0 0 0 0 0 0 0 0 0 0 0 0 0 0 61 62 0 0 0 110 0 0 0 0 8 0 0 125 8 0 8 11 48 49 0 0 110 0 111 0 110 0 0 126 0 0 127 126 0 110 0 112 0 0 8 0 0 125 0 0 0 0 0 0 0 0 0 0 0 0 0 0 0 0 0 0 0 0 0 0 0 0 112 0 0 0 0 0 0 0 0 0 0 0 0 0 0 0 0 0 0 0 0 0 0 0 0 0 126 0 0 61 62 0 127 0 0 0 0 0 11 0 0 0 0 0 113 0 0
0 0 0 0 0 0 0 0 0 0 0 0 0 0 0 0 0 0 0 0 0 0 0 0 0 0 0 0 0 0 0 0 0 0 8 0 137 0 0 111 0 0 8 123 111 0 123 125 0 0 0 0 0 61 62 0 0 0 0 0 48 49 0 0 0 0 125 0 0 113 0 0 0 0 126 0 0 0 8 0 0 0 0 0 0 0 0 0 0 0 0 0 0 0 0 0 0 126 136 0 0 0 0 0 0 127 0 0 0 0 0 0 0 0 0 0 0 0 0 0 0 0 0 0 135 11 123 0 0 0 8 0 123 0 0 0 0 0 0 0 0 0 0 48 49 0 48 49 8 0
0 0 0 0 0 0 0 0 0 0 0 0 0 0 0 0 0 0 0 0 0 0 0 0 0 0 0 0 0 0 0 0 0 0 112 0 127 0 111 0 0 0 125 0 0 0 0 0 0 0 0 111 112 0 0 0 123 0 125 0 61 62 0 0 0 0 0 0 0 0 0 0 0 0 0 0 0 113 0 8 0 0 0 0 0 0 0 0 0 0 0 0 0 0 0 0 0 0 0 0 0 0 0 0 113 0 112 0 0 0 0 0 0 0 0 0 0 0 0 0 0 0 0 0 0 8 0 0 0 8 0 0 0 0 0 0 11 123 0 0 0 0 0 61 62 0 61 62 126 0
0 0 0 0 0 0 0 0 0 0 0 0 0 0 0 0 0 0 0 0 0 0 0 0 0 0 0 0 0 0 0 0 0 0 0 0 0 0 0 0 0 0 0 0 0 0 0 0 0 124 11 112 113 0 0 0 0 0 0 126 126 124 0 0 0 0 0 0 0 125 136 0 0 0 0 124 0 11 133 0 0 125 0 0 0 0 0 0 0 0 0 0 0 0 0 0 0 0 0 0 0 0 0 0 0 0 112 0 0 0 0 0 0 0 0 0 0 0 0 0 0 0 0 0 0 0 124 0 0 111 0 0 48 49 0 0 0 0 0 0 124 0 0 0 0 0 0 126 0 0
0 0 0 0 0 0 0 0 0 0 0 0 0 0 0 0 0 0 0 0 0 0 0 0 0 0 0 0 0 0 0 0 0 0 0 0 0 0 0 11 0 0 0 0 0 0 0 0 0 110 132 0 48 49 0 0 113 0 0 0 0 0 125 0 0 0 0 0 0 0 0 0 0 0 0 0 0 0 113 0 113 0 0 0 0 0 0 0 0 0 0 0 0 0 0 0 0 0 0 125 112 125 0 112 113 0 0 0 0 0 0 0 0 0 0 0 0 0 0 0 0 0 0 0 0 125 0 0 125 0 0 0 61 62 0 0 0 0 0 0 0 0 0 111 127 125 0 110 0 0
0 0 0 0 0 0 0 0 0 0 0 0 0 0 0 0 0 0 0 0 0 0 0 0 0 0 0 0 0 0 0 0 0 0 0 0 0 0 0 123 0 0 11 0 0 0 0 0 0 0 0 0 61 62 0 0 0 127 134 0 0 0 0 0 0 0 0 0 0 0 0 0 0 0 0 0 0 0 48 49 111 127 0 0 0 0 0 0 0 0 0 0 0 0 0 0 0 0 0 0 127 125 137 0 0 0 0 0 0 0 0 0 0 0 0 0 0 0 0 0 0 0 0 0 125 0 0 0 48 49 0 0 0 127 112 123 0 125 0 0 0 0 125 127 0 0 0 0 123 0
0 0 0 0 0 0 0 0 0 0 0 0 0 0 0 0 0 0 0 0 0 0 0 0 0 0 0 0 0 0 0 0 0 0 0 0 0 0 0 0 0 11 0 112 0 125 11 126 0 0 0 0 123 0 125 112 0 124 0 0 124 0 48 49 0 0 0 0 0 0 0 0 0 0 0 0 0 0 61 62 0 0 0 125 0 0 0 0 0 0 0 0 0 0 0 0 0 11 0 0 123 124 133 0 0 0 0 0 0 0 0 0 0 0 0 0 0 0 0 0 0 0 125 48 49 123 0 0 61 62 112 0 0 127 127 0 110 0 0 0 0 0 127 0 0 110 0 0 0 0
0 0 0 0 0 0 0 0 0 0 0 0 0 0 0 0 0 112 0 0 0 0 0 0 0 0 0 0 0 0 0 0 0 0 0 0 0 0 0 0 0 0 0 0 0 0 0 0 134 0 0 0 123 0 0 111 0 0 0 0 0 0 61 62 0 0 0 0 0 0 0 0 0 0 0 0 0 0 127 0 123 112 126 0 127 0 126 0 0 0 0 0 0 0 0 0 0 0 0 0 0 0 0 0 0 0 0 0 0 0 0 0 0 0 0 0 0 0 0 0 0 0 124 61 62 0 0 112 0 0 0 0 0 0 0 0 0 126 0 8 48 49 0 126 0 0 0 0 0 0
0 0 0 0 0 0 0 0 0 0 0 0 0 0 0 0 0 11 0 0 0 0 0 0 0 0 0 0 0 0 0 0 0 0 0 0 0 0 0 0 0 0 0 0 0 0 0 0 0 125 0 0 127 0 0 127 0 124 0 0 123 0 0 0 0 0 0 0 0 0 0 0 0 0 0 0 0 0 0 123 0 123 0 0 0 0 0 0 0 0 0 0 0 0 0 0 0 132 0 126 0 0 0 48 49 0 0 0 0 0 0 0 0 0 0 0 0 0 0 0 0 0 0 0 0 0 0 0 0 0 0 0 0 0 0 0 0 0 0 11 61 62 124 127 0 0 0 0 0 0
0 0 0 0 0 0 0 0 0 0 0 0 0 0 0 0 0 48 49 0 48 49 0 0 0 123 0 0 0 0 0 0 0 0 0 0 0 0 0 0 0 0 0 0 0 0 0 0 110 0 113 0 0 0 0 125 0 0 0 0 0 0 0 113 0 0 0 0 0 0 0 0 0 0 0 0 124 111 0 0 110 0 0 0 0 127 0 134 112 8 0 0 0 0 127 0 0 0 0 126 124 0 0 61 62 124 0 0 0 0 0 0 0 0 0 0 0 0 0 0 0 0 0 124 0 0 0 0 0 0 0 0 0 0 0 0 0 8 0 0 0 0 0 0 0 0 0 0 0 124
0 0 0 0 0 0 0 0 0 0 0 0 0 0 110 0 0 61 62 125 61 62 0 0 0 0 0 0 0 0 0 0 0 0 0 0 0 0 0 0 0 0 0 0 0 0 0 125 0 0 0 127 0 124 0 0 0 0 0 0 0 0 0 0 0 0 0 0 0 0 0 0 0 0 0 11 123 0 127 48 49 0 0 0 127 113 0 0 0 0 0 0 0 0 125 127 0 0 123 0 0 0 0 0 0 0 0 0 0 0 0 0 0 0 0 0 0 0 0 0 0 0 0 0 0 0 0 0 0 0 0 0 0 0 0 0 0 0 0 111 0 0 125 127 0 0 0 0 0 0
0 0 0 0 0 0 0 0 0 0 0 0 0 0 0 0 123 0 0 0 0 124 0 0 0 0 48 49 8 0 48 49 0 0 0 0 0 0 0 0 0 0 0 0 0 0 0 124 0 0 0 0 0 0 0 0 0 0 0 0 0 0 0 0 0 0 0 0 0 0 0 0 0 0 0 110 0 0 0 61 62 124 0 123 48 49 0 0 0 0 0 0 0 112 0 112 0 0 0 11 126 0 0 0 8 0 0 0 0 0 0 0 0 0 0 0 0 0 0 0 0 0 0 0 0 0 0 0 0 0 0 0 0 0 0 0 0 0 0 0 136 0 127 0 0 0 0 0 0 123
0 0 0 0 0 0 0 0 0 0 0 0 0 0 0 0 0 0 0 0 0 0 0 8 134 0 61 62 0 0 61 62 127 0 0 0 0 0 0 0 0 0 0 0 0 0 0 0 0 0 0 0 0 0 0 0 0 0 0 0 0 0 0 0 0 0 0 0 0 0 0 0 0 0 0 0 0 0 0 0 0 0 0 0 61 62 0 48 49 0 48 49 11 0 0 0 0 0 123 111 0 0 0 127 0 0 0 0 0 0 0 0 0 0 0 0 0 0 0 0 0 0 0 0 0 0 0 0 0 0 0 0 0 0 0 0 0 0 0 0 0 0 0 110 0 112 8 0 0 0
0 0 0 0 0 0 0 0 0 0 0 0 0 0 0 0 0 123 8 0 0 126 0 0 0 0 124 0 0 0 0 0 0 0 0 11 0 0 0 0 0 0 0 0 0 0 0 0 0 0 0 0 0 0 0 0 0 0 0 0 0 0 0 0 0 0 0 0 0 0 0 0 0 8 0 0 0 124 0 0 0 125 0 0 0 113 0 61 62 11 61 62 126 127 0 110 0 0 0 124 0 0 0 0 0 0 0 0 0 0 0 0 0 0 0 0 0 0 0 0 0 0 0 0 0 0 0 0 0 0 0 0 0 0 0 0 0 0 0 0 0 0 125 0 0 123 0 112 124 0
0 0 0 0 0 0 0 0 0 0 0 0 0 0 0 0 0 0 125 0 0 0 8 48 49 0 0 0 124 0 0 126 0 0 0 127 0 0 0 0 0 0 0 0 0 0 0 0 0 0 0 0 0 0 0 0 0 0 0 0 0 0 0 0 0 0 0 0 0 0 0 0 11 113 0 0 0 0 48 49 0 0 0 112 0 0 0 0 125 125 0 0 0 0 0 0 132 0 8 0 0 0 0 0 0 0 0 0 0 0 0 0 0 0 0 0 0 0 0 0 0 0 0 0 0 0 0 0 0 0 0 0 0 0 0 0 0 0 0 0 0 0 0 125 0 0 124 0 0 0
0 0 0 0 0 0 0 0 0 0 0 0 0 0 0 0 0 124 0 0 0 0 0 61 62 113 0 0 0 0 0 0 124 0 0 0 0 0 0 0 0 0 0 0 0 0 0 0 0 0 0 0 0 0 0 0 0 0 0 0 0 0 0 0 0 0 0 0 0 0 0 0 0 0 0 0 0 0 61 62 126 0 0 0 0 0 113 0 0 113 8 0 0 0 135 0 0 0 112 112 0 0 0 0 0 125 0 0 0 0 0 0 0 0 0 0 0 0 0 0 0 0 0 0 0 0 0 0 0 0 0 0 0 0 0 0 0 0 0 0 0 0 0 0 0 0 0 127 123 0
0 0 0 0 0 0 0 0 0 0 0 0 0 0 0 0 0 48 49 0 0 0 110 8 0 0 0 0 0 124 0 0 0 8 125 0 0 0 0 0 0 0 0 0 0 0 0 0 0 0 0 0 0 0 0 0 0 0 0 0 0 0 0 0 0 0 0 0 0 0 8 0 48 49 0 0 124 124 124 0 124 0 0 0 48 49 0 0 0 8 0 112 123 0 0 0 0 0 0 0 0 0 0 0 0 0 0 0 0 0 0 0 0 0 0 0 0 0 0 0 0 0 0 0 0 0 0 0 0 0 0 0 0 0 0 0 0 0 0 0 0 0 0 0 0 124 0 0 0 0
113 0 0 0 0 0 0 0 0 0 0 0 0 0 0 0 0 61 62 0 127 0 0 0 123 0 0 0 0 0 11 0 48 49 0 11 0 0 0 0 0 0 0 0 0 0 0 0 0 0 0 0 0 0 0 0 0 0 0 0 0 0 0 0 0 0 0 0 0 0 0 0 61 62 0 11 0 0 0 0 0 0 0 0 61 62 0 8 0 0 0 0 0 0 0 110 112 0 0 0 48 49 0 0 0 123 0 0 0 0 0 0 0 0 0 0 0 0 0 0 0 0 0 0 0 0 0 0 0 0 0 0 0 0 0 0 0 0 0 0 0 0 0 0 0 0 0 0 126 0
137 0 0 0 0 0 0 0 0 0 0 0 0 0 0 0 124 0 0 0 0 48 49 0 0 123 0 125 112 0 0 0 61 62 0 0 127 0 0 0 0 0 0 0 0 0 0 0 0 0 0 0 0 0 0 0 0 0 0 0 0 0 0 0 0 0 0 0 0 48 49 123 0 0 8 0 48 49 0 0 48 49 0 0 0 0 0 0 112 11 0 0 112 0 0 0 0 127 0 123 61 62 0 111 113 0 0 0 0 0 0 0 0 0 0 0 0 0 0 0 0 0 0 0 0 0 0 0 123 0 0 0 0 0 0 0 0 0 0 0 0 0 0 0 0 0 125 0 0 112
112 0 0 0 0 0 0 0 0 0 0 0 0 0 0 0 0 113 0 0 0 61 62 0 0 0 0 0 0 0 0 0 0 0 0 124 0 113 127 0 0 0 0 0 0 0 0 0 0 0 0 0 0 0 0 0 0 0 0 0 0 0 0 0 0 0 0 0 0 61 62 0 126 8 0 112 61 62 127 0 61 62 0 0 126 0 0 125 11 0 0 0 0 0 124 0 0 0 0 0 0 0 0 0 0 0 0 0 0 0 0 0 0 0 0 0 0 0 0 0 0 0 0 0 0 0 0 0 0 0 0 0 123 0 0 0 0 0 0 0 0 0 0 0 0 0 125 0 0 8
0 0 0 0 0 0 0 0 0 0 0 0 0 0 0 0 0 0 0 0 0 0 0 0 0 0 124 125 0 0 0 0 123 0 0 0 0 48 49 0 0 0 0 123 0 0 0 0 0 0 0 0 0 0 0 0 0 0 0 0 0 0 0 0 0 127 0 0 0 0 0 124 0 0 0 0 0 8 8 0 126 0 0 0 0 0 0 0 134 0 0 0 0 0 0 111 0 0 0 0 0 0 0 0 0 0 0 0 0 0 0 0 0 0 0 0 0 0 0 0 0 0 0 0 0 0 0 0 0 0 0 0 0 0 0 0 0 0 0 0 0 0 0 0 0 0 0 0 0 0
0 0 0 0 0 0 0 0 0 0 0 0 0 0 0 0 0 0 0 0 48 49 111 123 110 0 111 0 0 0 0 0 0 112 0 0 123 61 62 112 0 11 0 123 0 0 0 0 0 0 0 0 0 0 0 0 0 0 0 0 0 0 0 0 0 0 0 0 123 0 0 0 0 0 0 0 0 124 0 110 0 0 110 0 0 0 0 0 0 0 0 0 0 0 0 0 8 0 0 132 0 0 0 0 0 0 0 0 0 0 0 0 0 0 0 0 0 0 0 0 0 0 0 0 0 0 0 0 48 49 0 0 0 111 124 0 0 0 0 0 0 0 0 0 0 0 0 0 0 0
0 0 0 0 0 0 0 0 0 0 0 0 0 0 0 0 136 0 110 0 61 62 0 48 49 113 0 0 111 0 0 0 0 0 0 0 0 0 0 0 125 0 0 0 0 0 0 0 0 0 0 0 0 0 0 0 0 0 0 0 0 0 0 0 127 0 0 0 0 110 8 0 0 0 0 0 0 0 0 0 0 0 0 0 0 0 0 110 0 0 0 0 0 0 0 0 126 0 0 126 0 8 0 0 0 0 0 0 0 0 0 0 0 0 0 0 0 0 0 0 0 0 0 0 110 110 135 110 61 62 0 0 0 0 0 11 124 0 0 0 0 0 0 0 0 0 0 0 111 0
0 0 0 0 0 0 0 0 0 0 0 0 0 0 0 0 0 0 123 0 0 126 0 61 62 0 0 8 0 111 123 0 0 0 0 125 123 0 0 0 124 113 0 8 132 0 0 0 0 0 0 0 0 0 0 0 0 0 0 0 0 0 123 0 11 11 0 0 0 0 0 132 127 0 0 0 0 0 0 113 0 123 127 0 0 0 11 0 0 0 0 0 0 0 0 0 0 0 0 0 0 0 127 125 0 0 0 0 0 0 0 0 0 0 0 0 0 0 0 0 0 0 0 0 126 0 111 0 0 0 0 0 0 0 0 124 127 110 0 0 0 0 0 0 0 0 0 0 0 113
0 0 0 0 0 0 0 0 0 0 0 0 0 0 0 125 48 49 0 0 127 0 125 0 0 0 0 0 0 0 113 0 0 0 0 0 124 125 0 0 0 48 49 0 113 0 0 0 0 0 0 0 0 0 0 0 0 0 0 0 0 0 8 113 0 0 0 0 113 0 0 0 0 132 126 0 113 0 0 0 0 0 0 0 0 0 0 124 0 111 0 0 0 0 0 8 0 132 0 0 0 0 0 0 0 0 0 0 0 0 0 0 0 0 0 0 0 0 0 0 0 0 0 0 0 0 0 0 0 0 0 0 0 123 0 0 132 0 0 0 0 0 0 0 0 0 0 0 0 0
0 0 0 0 0 0 0 0 0 0 0 0 0 0 113 0 61 62 0 0 0 0 8 123 113 0 11 0 0 0 0 0 0 0 0 0 0 0 0 0 0 61 62 0 0 0 0 0 0 0 0 0 0 0 0 0 0 0 0 0 0 127 0 0 112 0 0 127 0 0 0 124 0 11 137 0 0 0 0 0 0 0 0 0 133 48 49 0 0 0 0 123 0 0 126 0 126 124 0 0 0 0 124 0 0 127 0 0 0 0 0 0 0 0 0 0 0 0 0 0 0 0 0 0 0 113 0 0 0 0 126 8 0 113 0 0 0 0 0 0 0 0 0 0 0 0 0 0 0 0
0 0 0 0 0 0 0 0 0 0 0 0 0 0 0 0 125 0 0 0 0 0 113 137 123 8 0 0 0 0 0 0 0 0 0 123 110 0 0 0 0 110 126 0 0 0 0 0 0 0 0 0 0 0 0 0 0 0 0 127 0 125 0 125 123 0 0 0 125 112 0 0 0 0 0 0 0 0 0 0 0 0 0 0 0 61 62 0 0 48 49 0 0 123 0 0 0 124 112 0 11 110 8 0 0 0 0 0 0 0 0 0 0 0 0 0 0 0 0 0 0 0 48 49 0 0 0 124 48 49 0 8 126 135 8 0 0 0 0 0 0 0 0 0 0 0 0 0 0 0
0 0 0 0 0 0 0 0 0 0 0 0 0 0 0 125 11 0 0 48 49 0 0 0 0 0 0 0 0 0 0 0 0 0 0 0 0 0 110 0 0 0 0 112 0 0 0 0 0 0 0 0 0 0 0 0 0 0 0 125 0 48 49 0 0 0 0 0 0 111 0 8 0 0 0 0 0 0 0 0 0 0 0 0 0 0 0 0 0 61 62 0 0 0 0 0 110 0 0 0 0 126 110 0 0 11 0 0 0 0 0 0 0 0 0 0 0 0 0 0 127 0 61 62 126 0 0 0 61 62 0 0 0 0 0 124 0 0 0 0 0 0 0 0 0 0 0 0 0 0
0 0 0 0 0 0 0 0 0 0 0 0 0 0 0 0 0 0 0 61 62 0 0 126 0 0 0 0 0 0 0 0 0 0 0 0 0 0 125 0 0 123 0 0 0 0 0 0 0 0 0 0 0 0 0 0 0 0 0 124 0 61 62 0 0 0 0 0 0 0 0 0 0 0 0 0 0 0 0 0 0 0 0 0 0 0 0 0 0 0 0 113 0 112 0 124 0 0 0 112 0 0 0 0 0 0 0 0 0 0 0 0 0 0 0 0 0 0 0 0 0 0 0 0 0 0 0 0 0 0 0 0 0 0 123 0 0 0 0 0 0 0 0 0 0 0 0 0 0 0
0 0 0 0 0 0 0 0 0 0 0 0 0 0 11 0 123 0 0 0 0 0 135 123 0 0 0 0 0 0 0 0 0 0 0 0 0 0 0 0 0 0 0 0 0 0 0 0 0 0 0 0 0 0 0 0 0 0 123 0 0 0 0 0 0 0 112 0 125 0 0 0 0 0 0 0 0 0 0 0 0 0 0 0 0 123 0 0 0 48 49 0 0 0 0 0 0 124 0 48 49 0 0 8 0 8 124 0 0 0 0 0 0 0 0 0 0 0 0 126 125 48 49 0 48 49 123 0 48 49 0 110 0 0 126 0 0 0 0 0 0 0 0 0 0 0 0 0 0 0
0 0 0 0 0 0 0 0 0 0 0 0 0 0 0 0 112 0 0 0 0 0 124 0 0 0 0 0 0 0 0 0 0 0 0 0 0 0 0 0 0 0 0 0 0 0 0 0 0 0 0 0 0 0 0 0 0 0 0 0 125 0 0 48 49 0 0 0 11 0 0 0 0 0 0 0 0 0 0 0 0 0 0 0 0 0 112 0 0 61 62 0 123 0 113 0 0 0 8 61 62 0 0 111 134 0 0 0 0 0 0 0 0 0 0 0 0 0 0 123 0 61 62 0 61 62 0 11 61 62 113 0 0 0 0 0 0 0 0 0 0 0 0 0 0 0 0 0 0 0
0 0 0 0 0 0 0 0 0 0 0 0 0 0 0 0 0 0 0 0 0 11 0 0 0 0 0 0 0 0 0 0 0 0 0 0 0 0 0 0 0 0 0 0 0 0 0 0 0 0 0 0 0 0 0 0 0 0 0 0 0 111 0 61 62 0 126 8 0 0 0 0 0 0 0 0 0 0 0 0 0 0 0 0 0 0 0 0 111 0 110 112 0 0 0 0 0 0 0 0 0 0 0 0 11 0 0 0 0 0 0 0 0 0 0 0 0 0 125 0 0 123 0 0 0 125 124 0 123 0 0 111 0 0 0 0 0 0 0 0 0 0 0 0 0 0 0 0 0 0
0 0 0 0 0 0 0 0 0 0 0 0 0 0 0 0 111 0 0 0 125 126 0 0 0 0 0 0 0 0 0 0 0 0 0 0 0 0 0 0 0 0 0 0 0 0 0 0 0 0 0 0 0 0 0 124 112 48 49 0 0 0 0 8 0 0 0 0 0 0 0 0 0 0 0 0 0 0 0 0 0 0 0 0 0 0 0 0 111 0 0 0 123 0 0 48 49 0 0 111 0 0 0 110 0 0 0 0 0 0 0 0 0 0 0 0 0 0 125 0 0 0 127 0 134 123 0 0 0 0 0 0 0 0 0 0 0 0 0 0 0 0 0 0 0 0 0 0 0 0
0 0 0 0 0 0 0 0 0 0 0 0 0 0 0 0 0 0 0 0 0 0 136 136 0 0 0 0 0 0 0 0 0 0 0 0 0 0 0 0 0 0 0 0 0 0 0 0 0 0 0 0 0 0 0 127 0 61 62 0 0 0 0 127 0 0 0 0 0 0 0 0 0 0 0 0 0 0 0 0 0 0 0 0 0 0 0 0 0 8 0 123 0 110 113 61 62 127 0 0 0 0 0 0 0 0 0 0 0 0 0 0 0 0 0 0 0 132 0 0 124 0 124 124 112 0 110 0 8 110 0 0 0 0 0 0 0 0 0 0 0 0 0 0 0 0 0 0 0 0
0 0 0 0 0 0 0 0 0 0 0 0 0 0 0 0 0 0 0 0 48 49 123 0 0 0 0 0 0 0 0 0 0 0 0 0 0 0 0 0 0 0 0 0 0 0 0 0 0 0 0 0 0 0 0 123 112 134 0 125 0 0 0 0 0 0 0 0 0 0 0 0 0 0 0 0 0 0 0 0 0 0 0 0 0 0 0 0 0 0 110 112 0 0 0 0 0 112 0 0 0 123 0 0 0 0 0 0 0 0 0 0 0 0 0 0 11 0 0 0 0 0 0 0 0 0 0 0 0 0 0 0 0 0 0 0 0 0 0 0 0 0 0 0 0 0 0 0 111 0
0 0 0 0 0 0 0 0 0 0 0 0 0 0 0 0 0 0 0 0 61 62 0 0 0 0 0 0 0 0 0 0 0 0 0 0 0 0 0 0 0 0 0 0 0 0 0 0 0 0 0 0 0 0 0 0 8 48 49 110 0 0 0 0 0 0 0 0 0 0 0 0 0 0 0 0 0 0 0 0 0 0 0 0 0 0 0 0 0 0 0 0 0 0 0 8 113 0 0 0 0 0 0 0 0 0 0 0 0 0 0 0 0 0 0 0 0 0 48 49 0 0 0 0 126 0 0 0 0 0 0 0 0 0 0 0 0 0 0 0 0 0 0 0 0 0 0 0 0 0
0 0 0 0 0 0 0 0 0 0 0 0 0 0 0 0 0 0 0 0 11 0 0 0 0 0 0 0 0 0 0 0 0 0 0 0 0 0 0 0 0 0 0 0 0 0 0 0 0 0 0 0 0 0 112 110 8 61 62 0 0 135 0 0 0 0 0 0 0 0 0 0 0 0 0 0 0 0 0 0 0 0 0 0 0 0 0 0 0 0 0 0 124 112 0 0 0 0 0 11 0 0 0 0 0 0 0 0 0 0 0 0 0 0 48 49 0 0 61 62 0 0 8 0 0 0 0 0 0 0 0 0 0 0 0 0 0 0 0 0 0 0 0 0 0 0 0 0 0 0
0 0 0 0 0 0 0 0 0 0 0 0 0 0 0 0 0 0 0 110 0 0 0 48 49 0 0 0 0 0 0 0 0 0 0 0 0 0 0 0 0 0 0 0 0 0 0 0 0 0 0 0 0 0 0 0 8 127 0 0 127 0 0 0 0 0 0 0 0 0 0 0 0 0 0 0 0 0 0 0 0 0 0 0 0 0 0 0 0 0 0 0 0 0 125 127 0 0 0 0 8 0 0 0 0 0 0 0 0 0 0 0 8 0 61 62 0 0 0 0 0 0 0 0 0 0 0 0 0 0 0 0 0 0 0 0 0 0 0 0 0 0 0 0 0 0 0 0 0 127
0 0 0 0 0 0 0 0 0 0 0 0 0 0 0 0 0 0 0 0 0 0 11 61 62 0 0 0 0 0 0 0 0 0 0 0 0 0 0 0 0 0 0 0 0 0 0 0 0 0 0 0 0 0 0 0 8 0 0 0 0 0 0 0 0 0 0 0 0 0 0 0 0 0 0 0 0 0 0 0 0 0 0 0 0 0 0 0 0 0 0 0 0 48 49 0 0 48 49 123 0 0 0 0 0 0 0 0 0 0 113 0 0 0 0 0 0 0 0 0 11 0 0 0 0 0 0 0 0 0 0 0 0 0 0 0 0 0 0 0 0 0 0 0 0 0 0 0 0 0
0 0 0 0 0 0 0 0 0 0 0 0 0 0 0 0 0 0 110 48 49 0 0 123 0 0 0 0 0 0 0 0 0 0 0 0 0 0 0 0 0 0 0 0 0 0 0 0 0 0 0 0 124 0 112 0 0 133 0 0 0 0 0 0 0 0 0 0 0 0 0 0 0 0 0 0 0 0 0 111 0 0 0 0 0 0 0 0 0 0 0 0 0 61 62 124 0 61 62 0 0 0 0 0 0 0 0 0 0 0 0 0 0 0 0 127 0 0 0 125 11 0 0 0 0 0 0 0 0 0 0 0 0 0 0 0 0 0 0 0 0 0 0 0 0 0 0 0 0 0
0 0 0 0 0 0 0 0 0 0 0 0 0 0 0 0 125 0 0 61 62 0 0 0 0 0 126 0 126 0 0 0 0 0 0 0 0 0 0 0 0 0 0 0 0 0 113 0 133 0 0 0 0 0 124 137 0 0 0 0 0 0 0 0 0 0 0 0 0 0 0 0 0 0 0 0 124 0 0 111 126 0 0 0 0 0 0 0 0 0 0 111 0 113 8 0 0 0 0 0 0 110 0 0 0 0 111 0 123 0 112 0 0 132 111 0 0 113 0 0 0 0 0 0 0 0 0 0 0 0 0 0 0 0 0 0 0 0 8 0 0 0 0 0 0 0 0 0 0 0
0 0 0 0 0 0 0 0 0 0 0 0 0 0 0 0 11 0 0 0 126 0 0 125 0 124 0 0 0 0 0 0 0 0 0 0 0 0 0 0 0 123 112 0 0 0 0 0 0 112 0 0 11 0 0 0 0 0 0 0 0 0 0 0 0 0 0 0 0 0 0 0 0 0 0 0 0 0 0 111 0 0 0 0 0 0 0 0 0 0 0 0 127 0 11 126 0 0 135 0 0 113 0 0 0 126 0 0 111 134 0 0 0 112 0 0 0 0 0 0 0 0 0 0 0 0 0 0 0 0 0 0 0 0 0 0 0 0 0 0 0 0 0 0 0 0 0 0 0 0
0 0 0 0 0 0 0 0 0 0 0 0 0 126 0 0 0 0 0 0 0 0 0 0 0 124 112 0 0 0 11 0 0 0 0 0 0 0 125 126 0 0 0 0 0 0 0 0 0 0 0 0 0 0 0 125 0 0 8 0 0 0 0 0 0 0 0 0 0 0 0 0 0 0 0 0 0 136 8 0 0 0 0 0 0 0 0 0 0 0 0 0 113 0 8 0 0 111 0 0 0 0 0 113 0 0 0 0 0 0 0 48 49 111 124 0 0 133 0 8 125 111 0 0 0 0 0 0 0 0 0 0 0 0 0 0 0 136 0 0 11 0 0 0 0 0 0 0 0 0
0 0 0 0 0 0 0 0 0 0 0 110 0 126 0 0 123 0 111 0 126 0 0 0 0 0 0 0 0 0 125 0 0 0 0 136 0 0 0 0 0 8 0 0 0 0 48 49 11 113 0 48 49 0 0 0 0 0 113 0 0 0 0 0 0 0 0 0 0 0 0 0 0 0 0 0 0 0 48 49 137 0 0 0 0 0 0 0 0 0 0 0 0 110 0 0 0 0 0 127 0 0 0 0 0 8 0 0 0 11 0 61 62 0 123 0 0 0 0 125 0 0 0 0 0 0 0 0 0 0 0 0 0 0 0 0 0 0 48 49 0 0 0 0 0 0 0 0 0 0
0 0 0 0 0 0 0 0 0 0 0 124 0 125 0 0 126 126 0 0 0 123 0 113 0 0 8 0 0 0 127 0 0 111 0 0 0 125 123 0 0 0 126 0 124 0 61 62 8 0 110 61 62 125 0 0 0 0 0 0 0 0 0 0 0 0 0 0 0 0 0 0 0 0 124 0 132 0 61 62 0 0 0 0 0 0 0 0 0 0 0 0 0 0 0 48 49 11 127 0 132 0 0 0 0 0 0 48 49 132 0 0 0 0 0 0 0 124 0 0 0 0 0 0 0 0 0 0 0 0 0 0 0 0 0 0 126 0 61 62 0 0 0 0 0 0 0 0 0 0
0 0 0 0 0 0 0 0 0 0 0 0 0 0 0 0 0 0 123 0 0 0 0 0 0 110 0 0 0 126 0 132 8 0 11 0 0 0 125 0 0 0 0 0 112 126 111 126 0 0 0 0 0 0 0 0 0 0 0 0 0 0 0 0 0 0 0 0 0 0 0 0 0 125 110 0 0 0 0 0 11 0 0 0 0 0 0 0 0 0 0 0 0 0 0 61 62 0 0 48 49 0 0 8 0 0 8 61 62 0 0 11 123 0 0 0 0 0 0 0 0 0 0 0 0 0 0 0 0 0 0 0 0 0 0 132 112 0 0 0 0 0 0 0 0 0 0 0 0 0
125 0 0 111 0 0 0 0 0 0 0 11 123 0 8 0 0 123 0 0 112 0 0 0 0 0 0 0 111 125 0 110 111 0 11 48 49 0 0 125 0 124 0 0 0 0 126 0 127 0 110 0 0 112 0 48 49 0 0 0 0 0 0 0 0 0 0 0 0 0 0 0 0 0 0 48 49 0 0 0 0 0 0 0 0 0 0 0 0 0 0 0 111 0 0 0 0 0 113 61 62 127 0 112 111 0 110 0 0 8 48 49 0 11 0 0 127 0 134 0 0 0 0 0 0 0 0 0 0 0 0 123 0 110 0 0 111 8 0 126 0 0 0 0 0 0 0 0 0 0
0 0 123 112 0 0 0 0 0 0 0 0 0 0 0 0 0 0 0 0 111 123 0 0 0 0 125 0 0 0 0 48 49 0 112 61 62 0 0 133 111 0 0 11 0 0 0 0 0 0 0 111 0 124 0 61 62 0 0 0 0 0 0 0 0 0 0 0 0 0 0 0 0 0 0 61 62 0 0 0 0 0 0 0 0 0 0 0 0 0 0 0 0 0 48 49 0 0 0 0 0 0 0 0 127 0 0 0 0 125 61 62 0 110 0 0 0 8 0 0 0 0 0 0 0 0 0 0 0 0 0 0 0 125 110 0 0 0 0 0 0 0 0 0 0 0 0 0 0 0
0 0 0 0 0 0 0 0 0 0 0 0 0 0 0 0 0 123 0 0 0 0 0 0 0 0 0 0 48 49 0 61 62 0 0 110 123 0 8 0 127 0 110 0 0 0 11 0 124 0 0 0 0 0 125 0 0 0 0 0 0 0 0 0 0 0 0 0 0 0 0 124 0 0 0 0 8 11 0 0 0 0 0 0 0 0 0 0 0 0 0 0 0 0 61 62 110 0 0 0 0 0 0 0 0 0 0 123 11 0 0 0 113 0 0 0 0 0 0 0 0 0 0 0 0 0 0 0 0 0 0 11 0 0 0 0 124 0 0 0 0 0 0 0 0 0 0 0 0 0
0 0 0 0 0 0 0 0 0 0 0 0 0 0 112 0 0 123 0 8 0 137 0 125 0 0 11 0 61 62 0 0 0 110 0 11 0 126 0 0 0 8 0 0 0 0 110 0 0 0 48 49 123 0 112 0 125 0 0 0 0 0 0 0 0 0 0 0 0 0 0 126 0 111 0 127 0 0 0 0 0 0 0 0 0 0 0 0 0 0 0 0 0 112 113 0 0 8 0 0 0 0 0 0 0 0 0 0 0 0 0 0 111 127 0 0 0 8 0 0 0 0 0 0 0 0 0 0 0 0 0 0 0 127 0 0 0 0 0 0 0 0 0 0 0 0 0 0 0 0
0 11 48 49 125 124 11 0 0 0 0 0 0 0 0 0 127 0 0 0 0 0 0 0 0 111 0 0 112 0 0 48 49 0 124 48 49 0 0 124 0 0 0 123 0 0 0 132 110 0 61 62 0 0 0 11 132 0 0 0 0 0 0 0 0 0 0 0 0 0 0 0 0 0 0 0 0 0 0 0 0 0 0 0 0 0 0 0 0 0 0 0 0 0 0 0 0 0 0 0 0 0 0 0 0 0 0 0 113 48 49 0 0 0 0 0 113 0 0 0 0 0 0 0 0 0 0 0 0 0 0 8 0 0 0 0 0 0 0 0 0 0 0 0 0 0 0 0 0 0
0 11 61 62 0 0 0 0 0 0 0 0 0 0 0 126 0 112 0 0 0 0 0 0 125 0 125 111 0 0 112 61 62 113 0 61 62 0 48 49 0 0 0 0 0 0 0 11 0 0 123 0 0 125 126 0 0 0 0 0 0 0 0 0 0 0 0 0 0 0 112 0 0 125 0 0 0 0 0 0 0 0 0 0 0 0 0 0 0 0 0 0 0 8 0 0 110 0 0 0 0 0 0 0 0 0 0 0 124 61 62 126 0 0 124 0 0 124 0 0 0 0 0 0 0 0 0 0 0 0 0 0 0 0 0 0 0 0 0 0 0 0 0 0 0 0 0 0 0 0
0 112 0 0 0 11 110 0 0 0 0 0 0 0 0 0 0 127 123 0 0 0 0 48 49 0 0 127 0 0 0 0 126 126 110 112 0 0 61 62 8 0 0 0 0 0 113 0 0 0 0 0 0 8 0 0 0 0 0 0 0 0 0 0 0 0 0 0 0 0 112 0 0 0 0 0 0 0 0 0 0 0 0 0 0 0 0 0 0 0 0 0 0 0 0 0 0 126 0 0 0 0 0 0 0 0 0 0 0 126 0 0 0 110 0 125 111 0 0 0 0 0 0 0 0 0 0 0 0 0 0 0 0 0 0 0 111 0 0 0 0 0 0 0 0 0 0 0 0 0
0 123 0 48 49 0 0 124 0 0 0 0 0 0 0 0 0 0 48 49 0 0 0 61 62 123 0 0 0 0 111 0 0 0 0 8 112 0 0 11 0 0 0 0 0 8 111 11 0 0 0 0 0 0 0 0 11 0 0 0 0 0 0 0 0 0 127 0 0 0 111 0 0 0 0 0 0 0 0 0 0 0 0 0 0 0 0 0 0 0 0 0 0 0 125 125 0 0 0 0 0 0 0 0 0 0 0 0 0 0 0 0 0 11 0 110 110 0 0 0 0 0 0 0 0 0 0 0 0 113 124 48 49 111 133 0 0 0 0 0 0 0 0 0 0 0 0 0 0 0
48 49 0 61 62 0 0 0 0 0 0 0 0 0 0 0 11 112 61 62 123 0 125 124 0 133 124 125 0 113 0 0 0 0 123 0 8 0 0 0 0 0 0 0 0 0 0 0 0 0 0 0 0 0 0 0 0 0 0 137 0 0 0 0 0 0 0 0 0 0 0 0 111 111 8 0 0 0 0 0 0 0 0 0 0 0 0 0 0 0 0 0 0 113 0 8 0 125 0 0 0 0 0 0 0 0 0 127 0 0 0 0 0 123 0 0 0 11 125 125 0 0 0 0 0 0 0 0 0 0 123 61 62 0 0 110 0 0 0 0 0 0 0 0 0 0 0 0 0 0
61 62 0 0 0 0 125 11 0 0 0 0 0 0 0 124 0 0 126 111 0 0 110 0 48 49 0 0 0 133 0 0 0 0 0 0 0 0 8 123 0 0 0 0 0 0 0 0 0 0 0 0 0 0 0 0 124 0 0 0 0 0 0 0 0 0 11 123 11 0 0 0 0 0 0 0 0 0 0 0 0 0 0 0 0 0 0 0 0 0 0 0 0 0 0 0 11 0 0 0 0 0 0 0 0 0 0 0 0 0 112 0 0 0 0 0 0 0 0 0 110 0 0 0 0 0 0 0 0 113 132 0 0 8 0 0 0 0 0 0 0 0 0 0 0 0 0 0 0 0
110 0 0 112 0 0 0 112 0 0 0 0 0 0 0 0 0 0 0 125 0 126 0 0 61 62 8 8 0 0 0 0 0 0 0 0 0 0 0 0 0 0 0 0 0 0 0 0 0 0 0 0 0 0 0 0 0 0 0 0 0 0 0 0 0 0 110 125 0 48 49 0 0 0 0 0 0 0 0 0 0 0 0 0 0 0 0 0 0 0 0 0 112 111 0 0 0 0 125 125 0 0 0 0 0 0 111 124 0 0 0 124 0 0 124 11 0 0 0 0 0 0 0 0 0 0 0 0 0 0 0 0 48 49 110 0 0 0 0 0 0 0 0 0 0 0 0 0 0 0
0 0 124 0 0 48 49 126 0 0 0 0 0 0 112 0 8 124 0 0 136 48 49 0 0 0 0 0 0 0 0 0 0 0 0 0 0 0 0 0 0 0 0 0 0 0 0 0 0 0 0 0 0 0 0 123 0 111 0 0 125 0 0 0 0 0 0 0 0 61 62 127 0 0 0 8 123 0 0 0 0 0 0 0 0 0 0 0 0 0 0 0 8 125 48 49 125 0 11 0 0 0 0 0 0 110 0 0 126 11 0 0 0 0 0 0 0 127 0 0 8 0 0 0 11 0 137 0 0 0 0 0 61 62 0 0 124 0 0 0 0 0 0 0 0 0 0 0 0 0
0 0 125 123 111 61 62 0 0 0 124 0 0 113 0 0 0 0 126 0 0 61 62 127 0 0 0 0 0 0 0 0 0 0 0 0 0 0 0 0 11 0 0 0 0 0 0 0 0 0 0 0 0 0 0 0 0 0 0 112 0 0 0 124 0 0 0 0 0 0 0 0 0 0 0 0 11 0 0 0 0 0 0 0 0 0 0 0 0 0 0 135 126 113 61 62 8 48 49 0 0 0 0 127 0 0 136 0 0 48 49 0 127 124 48 49 0 0 126 0 48 49 0 0 0 0 0 127 0 0 0 0 125 0 125 11 0 0 0 0 0 0 0 0 0 0 0 0 0 0
0 0 0 0 0 0 126 0 0 0 0 0 0 0 0 0 0 0 48 49 0 0 0 0 0 0 0 0 0 0 0 0 0 0 0 0 0 0 0 0 0 0 0 0 0 0 0 0 0 0 0 0 0 0 0 0 0 0 0 0 0 0 8 0 0 11 0 125 0 48 49 0 0 125 0 0 0 0 0 0 0 0 0 0 0 0 0 0 0 0 0 48 49 110 110 0 135 61 62 0 0 0 0 0 0 112 0 127 0 61 62 0 0 0 61 62 0 11 0 0 61 62 0 0 0 8 0 0 0 127 0 0 127 127 0 0 0 0 0 0 0 0 0 0 0 0 0 0 0 0
0 0 0 0 0 0 124 0 0 0 0 123 0 0 8 0 0 0 61 62 0 0 0 113 0 124 0 0 0 0 0 0 0 0 0 0 0 0 0 0 0 0 0 0 0 0 0 0 0 0 0 0 0 0 0 0 0 0 123 0 0 0 0 11 0 112 123 0 112 61 62 0 125 0 0 0 124 0 0 0 0 0 0 0 0 0 0 0 0 0 0 61 62 0 0 0 0 0 0 0 0 0 0 0 0 11 126 0 126 0 11 0 0 0 0 0 0 137 0 124 0 0 125 0 0 110 127 0 0 0 0 0 0 125 0 123 125 0 0 0 0 0 0 0 0 0 0 0 0 0
0 0 0 0 0 0 110 0 0 11 0 0 0 0 0 0 0 0 0 0 0 112 110 111 0 0 0 0 0 0 0 0 0 0 0 0 0 0 0 0 0 0 0 0 0 0 0 0 0 0 0 0 0 0 0 0 0 48 49 0 0 0 113 125 48 49 0 0 0 0 110 0 123 0 0 0 0 0 0 0 0 0 0 0 0 0 0 0 127 112 0 0 0 0 0 11 0 0 0 0 0 123 8 0 0 0 0 0 0 0 0 127 11 0 125 0 111 48 49 110 0 0 0 8 111 0 113 127 0 48 49 0 0 112 0 0 0 0 0 0 0 0 0 0 0 0 0 0 0 0
0 0 0 0 0 11 0 0 0 0 0 0 0 0 0 0 124 111 0 0 0 0 0 113 0 110 0 0 0 0 0 0 0 0 0 0 0 0 0 0 0 8 0 113 0 0 0 0 0 0 112 0 0 0 110 0 0 61 62 0 0 0 0 0 61 62 0 0 0 0 0 0 0 127 0 0 112 0 0 0 0 0 0 0 0 0 0 0 0 0 0 0 0 0 0 11 0 0 0 0 123 0 0 0 0 0 11 0 0 0 0 124 113 0 0 0 0 61 62 0 11 0 110 0 0 48 49 0 0 61 62 125 125 126 0 111 0 0 0 0 0 0 0 0 0 0 0 0 0 0
0 0 0 0 0 48 49 0 135 0 11 0 0 0 0 0 0 0 11 48 49 0 0 0 0 0 125 11 0 0 0 0 0 0 0 0 0 0 0 0 125 0 0 0 0 0 0 0 0 0 0 0 0 0 112 0 0 0 0 0 0 113 123 0 0 0 0 0 0 48 49 0 0 0 132 8 137 0 0 0 0 0 0 0 0 0 0 0 110 113 0 0 0 0 0 0 48 49 0 124 48 49 113 0 0 0 0 0 123 0 125 48 49 123 0 0 0 110 0 0 113 0 124 0 0 61 62 0 126 0 0 0 0 0 0 0 0 0 0 0 0 0 0 0 0 0 0 0 0 0
0 0 0 0 123 61 62 0 0 0 0 0 0 112 0 0 0 0 125 61 62 0 0 0 0 0 0 8 124 0 0 0 0 0 0 0 0 0 11 0 0 110 0 0 113 0 0 0 0 0 0 127 0 0 0 0 112 0 48 49 0 0 0 0 0 111 0 0 125 61 62 125 0 0 0 123 0 124 0 0 125 0 0 0 0 0 0 0 0 111 123 0 0 0 0 0 61 62 0 8 61 62 110 112 0 0 0 0 123 0 125 61 62 0 0 125 0 0 0 0 0 0 48 49 0 125 0 0 0 0 126 0 0 0 123 0 0 0 0 0 0 0 0 0 0 0 0 0 0 0
0 0 0 0 0 0 0 0 48 49 11 0 0 0 0 0 48 49 0 0 124 0 0 137 0 0 0 0 0 0 0 0 0 0 0 0 0 0 11 124 0 11 0 0 0 123 0 0 0 0 0 0 0 0 123 0 113 0 61 62 0 113 0 0 0 0 0 0 0 0 0 0 126 0 0 123 126 0 0 0 11 0 0 0 0 0 0 0 112 0 11 113 113 0 123 0 111 125 0 0 0 112 0 0 0 0 0 0 0 0 0 0 133 0 0 0 0 0 125 0 0 126 61 62 111 0 0 0 0 127 0 0 0 0 0 0 0 0 0 0 0 0 0 0 0 0 0 0 0 0
0 0 0 0 0 125 0 0 61 62 0 0 0 48 49 0 61 62 11 0 0 8 0 0 0 0 0 0 0 0 0 112 0 0 0 0 0 0 0 111 0 0 0 125 0 0 0 11 0 0 111 0 48 49 0 0 0 0 0 0 0 48 49 0 0 0 11 0 0 133 124 0 0 0 113 0 0 0 123 0 0 0 0 0 0 0 0 0 0 0 0 0 0 48 49 0 0 111 0 112 110 125 0 0 123 111 0 132 0 0 0 0 0 0 0 0 124 0 136 0 112 0 113 0 0 0 0 0 48 49 0 0 124 126 113 0 0 0 0 0 0 0 0 0 0 0 0 0 0 0
0 0 127 0 11 0 0 0 11 0 0 0 0 61 62 0 0 0 0 0 0 132 0 0 0 0 0 110 0 0 0 0 0 0 0 0 0 0 11 0 0 0 0 0 0 0 123 112 0 0 0 111 61 62 0 0 111 8 124 0 0 61 62 0 0 0 0 113 0 0 0 0 0 0 11 0 124 11 0 0 0 0 0 0 0 0 0 0 0 125 0 0 127 61 62 0 0 0 48 49 0 0 0 0 0 0 0 0 0 0 0 0 0 0 0 0 0 0 0 133 123 0 0 0 0 0 0 0 61 62 0 0 0 127 0 0 0 0 0 0 0 0 0 0 0 0 0 0 0 0
0 0 125 0 0 0 113 11 0 0 0 124 127 0 0 0 0 0 0 0 0 126 0 0 0 0 0 112 11 8 0 0 0 0 0 0 0 0 0 0 0 0 0 113 0 0 0 0 8 0 0 125 0 110 126 125 0 0 125 0 0 112 126 0 113 0 0 126 127 0 0 48 49 0 0 126 0 124 126 0 0 0 0 0 0 0 0 0 0 0 0 0 0 0 0 0 126 110 61 62 0 0 8 0 127 133 0 0 0 0 0 0 0 0 0 0 0 0 0 0 0 123 0 0 0 0 0 0 0 125 113 0 125 112 0 0 0 0 0 0 0 0 0 0 0 0 0 0 0 0
11 123 113 0 48 49 0 0 0 112 0 0 0 8 0 0 0 0 0 0 0 0 0 0 0 0 0 112 0 0 11 0 0 0 0 0 0 0 0 0 0 0 0 0 0 8 0 0 0 0 0 0 0 0 0 0 126 0 0 123 0 0 113 0 0 0 123 0 0 8 0 61 62 0 123 0 0 11 0 0 0 0 0 0 0 0 0 0 0 0 0 0 11 0 0 125 0 0 0 0 0 126 0 0 0 0 0 0 0 0 0 0 0 0 0 0 0 0 0 0 0 0 124 48 49 0 0 0 0 0 0 0 0 0 0 0 0 0 0 0 0 0 0 0 0 0 0 0 0 0
0 126 0 0 61 62 11 0 0 0 0 0 0 0 0 0 0 0 0 0 0 0 0 0 0 0 0 0 0 0 0 0 0 0 0 0 0 0 0 0 0 0 0 111 0 0 124 0 0 0 0 0 0 0 0 0 0 8 0 0 0 123 0 0 0 0 0 0 0 0 0 0 0 0 0 0 0 0 0 0 0 0 0 0 0 0 0 0 0 0 0 127 0 0 0 8 127 0 0 0 0 0 123 113 0 0 0 0 0 0 0 0 0 0 0 0 0 0 0 0 0 111 0 61 62 0 0 0 0 0 0 124 125 0 11 0 0 0 0 0 0 0 0 0 0 0 0 0 0 0
0 110 113 0 0 110 0 0 113 124 8 127 0 0 0 0 0 0 0 0 0 0 0 0 0 0 123 0 0 0 0 0 0 0 0 0 0 0 0 0 0 0 0 0 0 0 127 0 0 127 0 126 0 0 0 0 0 0 0 0 0 0 0 0 123 0 113 0 0 0 0 0 0 124 0 0 0 0 0 0 0 0 0 0 0 0 0 0 0 0 0 127 0 0 0 112 8 0 0 123 0 0 0 110 0 125 0 0 0 0 0 0 0 0 0 0 0 0 0 0 0 0 0 0 0 0 0 0 0 0 0 0 0 0 123 127 0 0 0 0 0 0 0 0 0 0 0 0 0 0
0 110 124 0 0 0 124 110 124 0 0 0 111 0 0 0 0 0 0 0 0 0 0 0 0 0 0 0 0 0 0 0 0 0 0 0 0 0 0 0 0 0 0 0 0 0 0 0 0 0 0 0 0 0 0 0 0 0 0 0 0 0 0 0 0 124 123 124 0 0 0 123 0 0 0 0 0 0 0 0 0 0 0 0 0 0 0 0 0 0 0 0 0 0 0 0 0 48 49 0 0 137 0 0 0 0 0 0 0 0 0 0 0 0 0 0 0 0 0 0 0 0 0 0 0 0 0 111 0 0 0 0 0 48 49 0 0 0 0 0 0 0 0 0 0 0 0 0 0 0
126 0 0 0 0 0 0 0 0 0 0 0 0 0 0 0 0 0 0 0 0 0 0 0 0 0 0 0 0 0 0 0 0 0 0 0 0 0 0 0 0 0 0 0 0 0 0 0 0 0 0 0 0 0 0 0 0 0 0 0 0 0 0 0 0 0 0 0 0 0 0 0 0 0 0 0 0 0 0 0 0 0 0 0 0 0 0 0 0 0 0 0 0 0 0 0 0 61 62 0 125 0 48 49 0 0 0 0 0 0 0 0 0 0 0 0 0 0 0 0 0 0 0 0 0 8 11 0 0 0 0 0 0 61 62 0 133 0 0 0 0 0 0 0 0 0 0 0 0 0
0 0 112 136 0 0 0 124 111 135 125 0 0 0 0 0 0 0 0 0 0 0 0 0 0 0 0 0 0 0 0 0 0 0 0 0 0 0 0 0 0 0 0 0 0 0 0 0 0 0 0 0 0 0 0 0 0 0 0 0 0 0 0 0 0 0 0 0 0 0 0 0 0 0 0 0 0 0 0 0 0 0 0 0 0 0 0 0 0 0 0 0 0 0 0 0 0 126 8 0 0 8 61 62 0 112 0 0 0 0 0 0 0 0 0 0 0 0 0 0 0 0 0 0 0 0 0 0 0 0 0 111 0 0 0 11 0 0 127 0 0 0 0 0 0 0 0 0 0 0
0 0 113 123 0 0 11 0 0 126 0 124 0 0 0 0 0 0 0 0 0 0 0 0 0 0 0 0 0 0 0 0 0 0 0 0 0 0 0 0 0 0 0 0 0 0 0 0 0 0 0 0 0 0 0 0 0 0 0 0 0 0 0 0 0 0 0 0 0 0 0 0 0 0 0 0 0 0 0 0 0 0 0 0 0 0 0 0 0 0 0 0 0 0 0 123 0 0 111 0 0 0 0 0 0 0 125 0 0 0 0 0 0 0 0 0 0 0 0 0 0 0 11 113 0 0 8 123 110 127 0 0 0 0 113 48 49 0 0 0 0 0 0 0 0 0 0 0 0 127
0 0 123 0 112 0 48 49 0 124 0 0 0 0 0 0 0 0 0 0 0 0 0 0 0 0 0 0 0 0 0 0 0 0 0 0 0 0 0 0 0 0 0 0 0 0 0 0 0 0 0 0 0 0 0 0 0 0 0 0 0 0 0 0 0 0 0 0 0 0 0 0 0 0 0 0 0 0 0 0 0 0 0 0 0 0 0 0 0 0 0 0 0 0 8 0 124 110 0 0 127 0 0 127 0 0 0 0 0 0 0 0 0 0 0 0 0 0 0 0 0 0 8 0 0 0 0 0 8 125 0 123 0 133 0 61 62 0 0 0 0 0 0 0 0 0 0 0 0 0
0 8 0 0 0 0 61 62 0 0 0 0 0 0 0 0 0 0 0 0 0 0 0 0 0 0 0 0 0 0 0 0 0 0 0 0 0 0 0 0 0 0 0 0 0 0 0 0 0 0 0 0 0 0 0 0 0 0 0 0 0 0 0 0 0 0 0 0 0 0 0 0 0 0 0 0 0 0 0 0 0 0 0 0 0 0 0 0 0 0 0 0 0 0 0 0 0 125 11 125 48 49 0 0 124 113 113 0 0 0 0 0 0 0 0 0 0 0 0 0 0 0 0 0 0 137 0 0 0 0 0 123 0 110 113 0 0 123 8 125 0 0 0 0 0 123 113 123 8 125
0 0 125 48 49 0 123 0 124 0 0 0 0 0 0 0 0 0 0 0 0 0 0 0 0 0 0 0 0 0 0 0 0 0 0 0 0 0 0 0 0 0 0 0 0 0 0 0 0 0 0 0 0 0 0 0 0 0 0 0 0 0 0 0 0 0 0 0 0 0 0 0 0 0 0 0 0 0 0 0 0 0 0 0 0 0 0 0 0 0 0 0 0 0 0 0 0 126 0 0 61 62 0 0 127 0 0 0 0 0 0 0 0 0 0 0 0 0 0 0 0 0 0 0 0 0 110 8 0 0 8 125 0 125 0 0 0 127 0 0 127 0 0 0 126 0 0 11 0 0
0 0 127 61 62 0 0 0 0 0 0 0 0 0 0 0 0 0 0 0 0 0 0 0 0 0 0 0 0 0 0 0 0 0 0 0 0 0 0 0 0 0 0 0 0 0 0 0 0 0 0 0 0 0 0 0 0 0 0 0 0 0 0 0 0 0 0 0 0 0 0 0 0 0 0 0 0 0 0 0 0 0 0 0 0 0 0 0 0 0 0 0 0 0 0 0 0 111 0 0 0 0 110 0 0 48 49 0 0 0 0 0 0 0 0 0 0 0 0 0 0 0 110 0 126 0 0 124 124 113 123 124 0 0 0 0 0 0 0 0 0 0 0 124 0 0 0 0 0 0
110 0 0 0 0 0 0 0 0 0 0 0 0 0 0 0 0 0 0 0 0 0 0 0 0 0 0 0 0 0 0 0 0 0 0 0 0 0 0 0 0 0 0 0 0 0 0 0 0 0 0 0 0 0 0 0 0 0 0 0 0 0 0 0 0 0 0 0 0 0 0 0 0 0 0 0 0 0 0 0 0 0 0 0 0 0 0 0 0 0 0 0 0 0 0 0 0 0 113 0 48 49 0 0 0 61 62 0 0 0 0 0 0 0 0 0 0 0 0 0 0 0 123 0 0 0 0 0 124 0 0 0 0 0 0 0 0 0 0 0 123 125 0 127 123 8 8 0 0 0
0 0 126 123 0 0 0 0 0 0 0 127 111 0 0 0 0 0 0 0 0 0 0 0 0 0 0 124 0 0 0 0 110 0 0 0 0 0 0 0 0 0 0 0 0 0 0 0 0 0 0 0 0 0 0 0 123 0 0 0 0 0 0 0 0 0 0 0 0 0 0 0 0 0 0 0 0 0 0 0 0 0 0 0 0 0 0 0 0 0 0 0 0 0 0 123 0 48 49 0 61 62 0 127 0 0 0 0 125 0 0 0 0 0 0 0 0 0 0 124 0 0 0 0 126 111 0 0 0 0 0 0 0 0 0 0 0 0 0 0 0 126 0 0 124 0 0 0 111 0
0 124 0 0 0 0 0 125 0 0 125 0 123 127 0 0 0 0 0 0 0 0 0 0 0 0 0 0 0 0 0 0 0 0 0 0 0 0 0 0 0 0 0 0 0 0 0 0 0 127 0 0 0 0 111 0 0 0 0 0 0 0 0 0 0 0 0 0 0 0 0 0 0 0 0 0 0 0 0 0 0 0 0 0 0 0 0 0 0 0 0 0 0 0 0 0 0 61 62 0 127 0 0 0 113 0 0 0 132 0 0 0 0 0 0 0 0 0 0 126 112 113 0 0 0 113 0 0 0 0 0 0 0 0 0 0 0 0 0 0 0 0 0 0 0 0 0 0 0 0
0 8 0 0 110 0 0 125 0 0 0 0 125 0 0 0 0 0 0 0 0 0 0 0 0 0 0 0 0 126 0 0 0 0 0 0 0 0 0 0 0 0 0 0 0 0 0 0 0 123 0 0 0 0 0 0 0 0 137 0 0 0 0 0 0 0 0 0 0 0 0 0 0 0 0 0 0 0 0 0 0 0 0 0 0 0 0 0 0 0 0 0 0 0 0 0 0 0 0 8 0 11 0 48 49 0 0 0 0 0 0 0 0 0 0 0 0 0 0 0 0 126 0 0 0 124 0 0 0 0 0 0 0 0 0 0 0 0 0 0 0 112 113 0 0 0 8 0 111 0
0 0 0 11 0 0 0 0 48 49 0 0 0 0 0 0 0 0 0 0 0 0 0 0 0 0 0 0 0 112 48 49 0 0 0 0 0 0 0 0 0 0 0 0 0 0 0 0 0 111 110 0 0 48 49 0 0 0 0 0 0 0 0 0 0 0 0 0 0 0 0 0 0 0 0 0 0 0 0 0 0 0 0 0 0 0 0 0 0 0 0 0 0 0 0 0 133 48 49 0 0 112 0 61 62 0 0 126 0 0 0 0 0 0 0 0 0 0 0 0 0 0 0 123 0 0 0 8 0 0 0 0 0 0 0 0 0 0 0 0 110 0 0 0 0 0 124 0 0 0
0 0 0 0 0 0 0 0 61 62 0 0 137 112 126 0 0 0 0 0 0 0 0 0 0 0 0 0 112 126 61 62 0 0 0 0 0 0 0 0 0 0 0 0 0 0 8 0 135 0 0 126 0 61 62 0 124 0 113 0 0 0 0 0 0 0 0 0 0 0 0 0 0 0 0 0 0 0 8 0 0 0 0 0 0 0 0 0 0 0 0 0 0 0 0 0 0 61 62 123 0 0 0 126 127 0 126 123 0 0 0 0 0 0 0 0 0 0 0 0 0 0 0 112 0 11 127 0 0 0 0 0 0 0 0 0 0 0 110 0 0 0 0 0 0 0 0 8 0 0
110 0 0 110 11 0 0 0 0 0 0 0 0 112 0 0 0 0 0 0 0 0 0 0 0 0 0 0 0 0 0 0 0 0 0 0 0 0 0 0 0 0 0 0 0 0 8 0 0 0 0 0 124 123 0 0 125 0 0 113 0 0 0 0 0 0 0 0 0 0 0 0 0 0 0 0 0 0 0 0 124 0 0 0 125 0 0 0 0 0 0 0 0 0 0 0 0 0 0 0 0 0 0 0 0 0 0 0 0 0 0 0 0 0 0 0 0 0 0 0 0 0 0 113 0 0 0 124 0 0 0 0 0 0 0 0 0 0 0 0 0 127 0 137 0 0 0 0 0 112
0 0 0 0 0 0 113 0 0 0 0 0 8 0 0 0 0 0 0 0 0 0 0 0 0 0 0 0 0 0 0 0 0 0 0 0 0 0 0 0 0 0 0 0 0 0 0 0 11 0 0 0 0 0 126 0 0 0 0 125 0 0 0 0 0 0 0 0 0 0 0 0 0 0 0 0 0 0 0 0 0 112 0 0 124 112 0 0 0 0 0 124 113 0 0 0 136 0 111 0 111 0 0 0 0 0 0 0 0 0 0 0 0 0 0 0 0 0 0 0 0 0 0 11 111 113 0 124 0 0 0 0 0 0 0 0 0 0 48 49 0 0 0 0 0 0 0 0 0 0
11 0 0 124 126 124 0 0 111 11 125 0 0 0 0 0 0 0 0 0 0 0 0 0 0 0 0 0 0 0 0 0 0 0 0 0 0 0 0 0 0 0 0 123 11 8 0 0 0 0 0 8 0 0 0 0 125 0 11 0 0 0 0 0 0 0 0 0 0 0 0 0 0 0 0 0 0 0 0 0 0 0 48 49 0 0 125 0 0 0 124 125 0 8 0 0 0 0 0 0 126 0 0 112 0 0 0 0 0 0 0 0 0 0 0 0 0 0 0 0 0 0 0 0 127 0 0 0 0 0 0 0 0 0 0 0 0 113 61 62 0 8 0 0 0 0 48 49 113 0
0 0 0 0 0 112 0 0 0 0 124 0 11 0 0 0 0 0 0 0 0 0 0 0 0 0 0 0 0 0 0 0 0 0 0 0 0 0 0 0 0 0 0 0 0 0 0 126 11 0 0 48 49 127 0 110 8 0 0 0 0 0 0 0 0 0 0 0 0 0 0 0 0 0 0 0 0 0 0 48 49 0 61 62 0 48 49 132 0 0 111 0 48 49 0 123 0 0 0 11 0 0 0 0 0 0 0 0 0 0 0 0 0 0 0 0 0 0 0 0 0 0 0 0 0 0 0 0 0 0 0 0 0 0 0 0 0 0 0 124 0 0 0 0 0 135 61 62 0 124
0 0 0 110 0 0 0 0 0 0 0 0 11 0 0 0 0 0 0 0 0 0 0 0 0 0 0 0 0 0 0 0 0 0 0 0 0 0 0 0 111 0 0 123 0 0 0 0 0 11 110 61 62 0 126 0 0 0 0 0 0 0 0 0 0 0 0 0 0 0 0 0 0 0 0 126 11 126 0 61 62 0 0 0 124 61 62 0 113 0 0 112 61 62 0 0 0 0 0 0 123 48 49 0 0 0 0 0 0 0 0 0 0 0 0 0 0 0 0 0 0 0 0 0 0 0 0 0 0 0 0 0 0 0 0 0 0 0 0 0 0 0 0 0 0 126 0 0 113 0
0 123 124 132 111 125 0 0 0 125 0 0 126 0 0 0 0 0 0 0 0 0 0 0 0 0 0 0 0 0 0 0 0 0 0 0 0 0 0 0 0 0 0 0 0 0 0 110 127 0 0 0 133 111 127 0 0 0 0 0 126 0 0 0 0 0 0 0 0 0 0 0 0 0 0 0 0 0 0 0 0 127 11 0 0 127 112 0 48 49 0 0 0 0 0 0 123 0 0 0 0 61 62 110 0 0 0 0 0 0 0 0 0 0 0 0 0 0 0 0 0 0 0 0 0 0 0 0 0 0 0 0 0 0 0 0 0 0 0 0 126 0 0 112 0 0 112 0 0 0
0 0 0 0 0 0 126 0 0 0 0 0 111 110 0 0 0 0 0 0 0 0 0 0 0 0 0 0 0 110 0 0 0 124 0 0 48 49 0 0 0 0 0 0 0 126 126 0 126 125 123 133 0 0 124 0 0 0 126 0 0 0 0 0 0 0 0 0 0 0 0 0 0 0 0 0 0 0 0 0 0 0 0 0 111 127 0 11 61 62 0 0 48 49 0 0 123 0 0 0 0 8 125 0 11 0 0 0 0 0 0 0 0 0 0 0 0 0 0 0 0 0 0 0 0 0 0 0 0 0 0 0 0 0 0 0 0 0 0 0 0 0 0 0 0 136 0 0 0 0
0 0 136 0 134 0 48 49 0 0 0 0 0 0 0 0 0 0 0 0 0 0 0 0 0 0 8 127 0 0 0 0 0 0 0 0 61 62 126 0 0 0 0 134 126 0 136 0 0 11 0 0 0 0 0 0 0 0 126 0 0 127 0 0 0 0 0 0 0 0 0 0 0 0 0 0 0 0 0 0 0 0 0 0 0 0 0 0 0 123 0 126 61 62 0 0 0 0 0 0 0 0 0 125 126 0 0 0 0 126 0 0 0 0 0 0 0 0 0 0 0 0 0 0 0 0 0 0 0 0 0 0 0 0 0 0 0 0 0 0 0 0 0 0 0 0 0 0 0 0
48 49 110 0 0 112 61 62 0 0 0 11 127 0 0 0 113 0 0 0 0 0 0 0 0 0 0 0 0 0 0 0 0 125 0 0 0 0 0 0 0 0 0 0 0 0 124 0 0 0 124 0 123 0 0 126 48 49 112 0 113 0 0 0 0 0 0 0 0 0 0 0 0 0 0 0 0 0 0 0 0 0 0 0 0 0 0 0 110 0 0 126 0 0 11 125 123 0 0 111 124 133 0 0 0 0 0 0 0 0 0 111 0 0 0 0 0 0 0 0 0 0 0 0 0 0 0 0 0 0 0 0 0 0 0 0 0 0 0 0 0 0 0 0 0 0 0 0 0 0
61 62 0 48 49 124 0 0 0 0 0 0 0 0 0 0 0 123 0 8 126 0 0 113 0 0 0 0 0 0 0 0 127 0 0 11 0 0 0 0 48 49 0 0 0 0 123 0 0 123 0 0 111 0 0 0 61 62 0 0 0 123 0 0 0 0 0 0 0 0 0 0 0 0 0 0 0 0 0 0 0 0 0 0 0 0 0 0 127 0 0 0 0 124 0 0 0 0 123 0 124 0 0 110 0 126 0 0 0 0 0 0 0 136 0 0 0 0 0 0 0 0 0 0 0 0 0 0 0 0 0 0 0 0 0 0 0 0 0 0 0 0 0 0 0 0 0 0 0 0
124 110 112 61 62 0 0 0 0 0 0 123 0 0 0 0 125 0 0 0 126 0 0 0 110 11 0 0 0 0 0 0 8 0 0 0 0 125 123 0 61 62 0 0 0 0 8 0 110 127 0 0 0 0 0 0 0 0 0 0 127 110 0 0 0 0 0 0 0 0 0 0 0 0 0 0 0 0 0 0 0 0 0 0 0 0 0 0 0 0 113 133 0 0 0 0 0 0 0 0 0 0 0 0 0 8 0 0 123 111 110 0 0 124 0 0 0 0 0 0 0 0 0 0 0 0 0 0 0 0 0 0 0 0 0 0 0 0 0 0 0 0 0 0 0 0 0 0 0 0
111 0 113 0 0 0 0 0 0 123 111 0 0 0 0 0 0 0 126 0 0 0 0 111 0 0 124 0 0 0 110 112 111 0 0 8 0 0 0 0 113 0 11 125 0 0 126 0 0 0 0 0 0 0 0 0 0 0 113 0 48 49 0 0 112 0 0 0 0 0 0 0 0 0 0 0 0 0 0 0 0 0 0 0 0 0 0 0 0 0 0 0 0 0 0 0 0 0 0 0 48 49 112 0 0 110 0 0 0 0 111 0 0 0 0 0 0 0 0 0 0 0 0 0 0 0 0 0 0 0 0 0 0 0 0 0 0 0 0 0 0 0 0 0 0 0 0 0 0 0
0 0 0 0 0 125 0 0 0 0 0 125 124 0 0 0 0 0 0 0 0 127 48 49 123 8 0 0 8 0 0 111 0 125 0 0 0 0 0 0 126 0 111 0 0 0 123 0 0 0 125 124 0 123 0 0 126 0 0 0 61 62 126 0 0 0 0 0 0 0 0 0 0 0 0 0 0 0 0 0 0 0 0 0 0 0 0 0 0 0 0 0 0 11 0 0 0 0 127 0 61 62 0 0 0 110 0 0 0 0 0 0 0 0 0 0 0 0 0 0 0 0 0 0 0 0 0 0 0 0 0 0 0 0 0 0 0 0 0 0 0 0 0 0 0 0 0 0 0 0
0 0 0 0 0 0 0 0 0 0 0 0 123 110 0 0 0 0 0 0 0 0 61 62 0 0 112 0 0 127 110 0 0 0 0 0 0 0 0 0 0 0 0 0 123 0 0 0 0 111 113 0 0 127 0 0 0 123 110 113 0 8 0 0 0 0 0 0 127 11 125 0 0 0 0 0 0 0 0 0 0 0 0 0 0 0 0 0 0 0 0 0 0 0 123 0 0 0 0 0 0 0 0 0 0 0 0 110 0 8 0 0 0 0 0 0 113 0 0 0 0 0 0 0 0 0 0 0 0 0 0 0 0 0 0 0 0 0 0 0 0 0 0 0 0 0 0 0 0 0
0 0 0 0 0 0 0 0 0 110 0 0 0 0 0 0 0 0 0 0 127 0 0 0 0 0 0 0 0 0 0 112 0 0 0 0 0 0 0 0 0 0 0 112 0 125 0 0 8 133 0 8 0 0 0 0 0 0 0 0 0 0 0 0 0 0 136 0 0 112 112 0 0 0 0 0 0 0 0 0 0 0 0 0 0 0 0 0 0 0 0 0 0 125 124 123 0 0 0 0 0 110 0 0 0 0 0 0 0 48 49 0 0 0 132 0 8 124 0 0 0 0 0 0 0 0 0 0 0 0 0 0 0 0 0 0 0 0 0 0 0 0 0 0 0 0 0 0 0 0
0 0 0 0 0 0 0 0 0 110 0 0 0 0 113 0 0 0 0 0 0 0 0 0 0 8 124 0 0 0 0 0 0 0 0 0 0 0 0 0 0 0 0 0 113 0 127 0 110 0 48 49 0 0 0 0 0 0 0 0 127 0 0 0 0 0 0 125 113 113 11 0 0 0 125 0 0 0 0 0 0 0 0 0 0 0 0 0 0 0 0 0 0 0 0 0 0 0 127 0 0 0 0 0 0 0 0 113 0 61 62 0 112 0 111 48 49 0 0 0 0 0 0 0 0 0 0 0 0 0 0 8 0 0 0 0 0 0 0 0 0 0 0 0 0 0 0 0 0 0
0 0 0 0 0 0 0 0 0 0 0 127 125 0 0 0 0 0 0 0 0 0 0 0 0 0 0 0 0 0 0 0 0 0 0 0 0 0 0 0 0 0 0 0 0 0 0 0 0 0 61 62 0 0 8 0 0 0 0 124 0 0 0 0 0 0 0 0 0 0 0 0 0 134 0 123 0 0 0 0 0 0 0 0 0 0 0 0 0 0 0 0 0 0 0 0 0 0 0 0 0 0 0 0 0 0 0 0 0 8 0 125 0 0 0 61 62 8 0 125 123 0 11 0 0 0 0 0 127 0 0 0 0 0 0 0 126 111 0 0 0 0 0 0 0 0 0 0 0 0
0 0 0 0 0 0 0 0 0 0 0 0 0 0 0 0 0 0 0 0 0 0 0 0 0 0 0 0 0 0 0 0 0 0 0 0 0 0 0 0 0 0 0 0 0 0 0 0 0 0 0 125 0 0 0 0 0 123 8 0 0 0 0 0 0 0 0 0 0 125 113 113 0 0 0 0 0 0 0 0 0 0 0 0 0 0 0 0 0 0 0 0 0 0 0 0 0 126 0 0 0 0 0 0 0 0 0 0 0 127 0 0 0 0 0 0 0 0 48 49 0 0 48 49 0 0 0 0 0 0 0 0 0 0 0 0 0 112 113 0 0 0 0 0 0 0 0 0 0 0
0 0 0 0 0 0 0 0 0 0 0 0 0 0 0 0 0 0 0 0 0 0 0 0 0 0 0 0 0 0 0 0 0 0 0 0 0 0 0 0 0 0 0 0 0 0 0 0 0 0 0 0 0 124 0 0 0 0 0 0 0 0 0 0 0 0 0 0 0 48 49 0 113 8 0 0 0 0 0 0 0 0 0 0 0 0 0 0 0 0 0 0 0 0 0 0 0 0 0 0 0 0 0 0 0 0 0 0 0 0 0 0 0 124 0 111 124 8 61 62 0 0 61 62 125 113 0 0 110 0 0 0 0 0 0 111 0 0 0 0 8 0 0 0 0 0 0 0 0 0
0 0 0 0 0 0 0 0 0 0 0 0 0 0 0 0 0 0 0 0 0 0 0 0 0 0 0 0 0 0 0 0 0 0 0 0 0 0 0 0 0 0 0 0 0 0 0 0 0 0 0 0 0 125 8 0 0 0 0 0 0 0 0 0 0 0 0 110 0 61 62 0 0 0 8 0 0 0 0 0 0 0 0 0 0 0 0 0 0 0 0 124 11 0 0 111 112 124 0 0 0 0 0 0 0 0 0 0 0 0 0 0 0 8 0 0 11 0 0 0 127 124 0 0 8 125 0 0 48 49 0 111 0 111 113 0 0 127 0 0 0 0 0 0 0 0 0 0 0 0
0 0 0 0 0 0 0 0 0 0 0 0 0 0 0 0 0 0 0 0 0 0 0 0 0 0 0 0 0 0 0 0 0 0 0 0 0 0 0 0 0 0 0 0 0 0 0 0 0 0 0 0 112 0 0 0 0 0 0 0 0 0 0 0 0 0 0 0 132 11 0 0 11 0 0 0 0 123 0 0 0 0 0 0 0 0 0 0 0 11 0 0 0 0 11 0 0 0 0 0 0 0 0 0 0 0 0 0 0 0 0 0 0 0 0 0 0 0 110 0 0 0 0 0 0 0 0 111 61 62 0 0 113 0 0 0 0 0 0 0 0 123 0 0 0 0 0 0 0 0
0 0 0 0 0 0 0 0 0 0 0 0 0 0 0 0 0 0 0 0 0 0 0 0 0 0 0 0 0 0 0 0 0 0 0 0 0 0 0 0 0 0 0 0 0 0 0 0 0 0 0 0 0 0 0 0 0 0 0 0 0 0 0 0 0 0 0 0 0 111 0 0 0 0 0 0 0 0 0 112 0 0 0 0 0 0 0 0 127 0 0 126 0 0 111 110 0 0 0 0 0 0 0 0 0 0 0 0 0 0 0 0 0 0 0 0 123 0 0 11 127 0 0 0 0 123 0 8 0 0 0 0 0 0 11 0 125 0 113 11 0 123 0 0 0 0 0 0 0 0
0 0 0 0 0 0 0 0 0 0 0 0 0 0 0 0 0 0 0 0 0 0 0 0 0 0 0 0 0 0 0 0 0 0 0 0 0 0 0 0 0 0 0 0 0 0 0 0 0 0 0 0 0 0 0 0 0 0 0 0 0 0 0 0 0 0 0 0 0 0 0 0 0 0 11 0 8 113 0 0 125 0 0 113 124 112 0 0 8 0 0 11 113 0 0 8 0 0 0 0 0 0 0 0 0 0 0 0 0 0 0 0 0 0 0 0 0 0 0 0 123 0 0 0 0 0 134 0 0 0 126 110 0 0 0 0 11 48 49 11 113 0 0 0 125 0 0 0 0 0
0 0 0 0 0 0 0 0 0 0 0 0 0 0 0 0 0 0 0 0 0 0 0 0 0 0 0 0 0 0 0 0 0 0 0 0 0 0 0 0 0 0 0 0 0 0 0 0 0 0 0 0 0 0 0 0 0 0 0 0 0 0 0 0 0 0 0 0 0 0 0 111 0 112 113 0 0 0 125 0 11 0 0 0 0 0 0 123 0 137 0 0 0 11 111 0 0 0 0 0 0 0 0 0 0 0 0 0 0 0 0 0 0 0 0 0 0 0 0 0 0 0 0 0 0 0 0 0 0 0 0 0 124 0 0 125 0 61 62 127 0 0 0 0 0 0 0 0 0 0
0 0 0 0 0 0 0 0 0 0 0 0 0 0 0 0 0 0 0 0 0 0 0 0 0 0 8 0 0 0 0 0 0 0 0 0 0 0 0 0 0 0 0 0 0 0 0 0 0 0 0 0 0 0 0 0 0 0 0 0 0 0 0 0 0 0 0 0 0 0 0 0 0 0 125 0 113 126 11 0 125 0 0 0 125 0 8 0 0 0 0 123 0 0 0 0 123 0 0 0 0 0 0 0 0 0 0 0 0 0 0 0 0 0 0 0 0 0 0 0 0 0 0 0 0 0 0 0 0 0 0 0 123 0 0 0 0 0 127 0 0 124 0 110 0 0 0 0 0 0
0 0 0 0 0 0 0 0 0 0 0 0 0 0 0 0 0 0 0 0 0 0 0 0 0 137 0 0 0 0 0 0 0 0 0 0 0 0 0 0 0 0 0 0 0 0 0 0 0 0 0 0 0 0 0 0 0 0 0 0 0 0 0 0 0 0 0 0 0 0 0 0 0 0 0 0 0 0 0 0 0 0 11 0 0 0 125 0 0 0 112 0 0 0 0 0 0 126 127 0 0 11 0 0 0 0 0 0 0 0 0 0 0 0 0 0 0 0 0 0 0 0 0 0 0 0 0 0 0 0 0 0 0 0 8 126 127 0 0 0 113 134 0 0 0 0 0 0 0 0
0 0 0 0 123 0 0 0 0 0 0 0 0 0 0 0 0 0 0 0 0 0 0 126 123 8 0 0 112 0 0 0 0 0 0 0 0 0 0 0 0 0 0 0 0 0 0 0 0 0 0 0 0 0 113 0 0 0 0 0 0 0 0 0 0 0 0 0 0 0 0 0 0 0 0 0 0 0 0 124 0 0 0 123 0 0 124 0 112 0 0 125 0 113 0 0 0 0 110 0 124 0 8 0 0 0 0 0 0 0 0 0 0 0 0 0 0 0 0 0 0 0 0 0 0 0 0 0 0 0 0 0 0 0 0 0 0 0 0 0 0 0 0 0 0 0 0 0 0 0
0 0 0 0 0 0 0 0 0 0 0 0 0 0 0 0 0 0 0 0 0 0 123 0 0 0 0 0 113 0 0 0 0 0 0 0 0 0 0 0 0 0 0 0 0 0 0 0 0 0 0 127 110 0 0 0 0 0 0 0 0 0 0 0 0 0 0 0 0 0 0 0 0 0 0 0 0 0 0 0 0 0 0 124 0 0 111 0 0 110 0 0 0 0 0 0 0 0 0 0 0 132 0 0 0 137 0 0 0 0 0 0 0 0 0 0 0 0 0 0 0 0 0 0 0 0 0 0 0 0 0 0 0 0 0 0 0 0 0 0 0 110 0 0 0 0 0 0 0 0
0 8 111 124 0 0 0 0 0 0 0 0 0 0 0 0 0 0 0 0 0 0 0 111 0 0 0 0 0 0 0 0 0 0 0 0 0 0 0 0 0 0 0 0 0 0 0 0 0 0 132 133 0 0 11 0 0 0 0 0 0 0 0 0 0 0 0 0 0 0 0 0 0 0 0 0 0 0 0 0 113 0 0 111 0 0 0 8 135 0 0 112 0 0 0 0 0 113 0 0 0 0 0 0 0 125 0 0 0 0 0 0 0 0 0 0 0 0 0 0 0 0 0 0 0 0 0 0 0 0 0 0 0 0 0 0 0 0 0 0 124 0 0 0 123 127 124 0 0 0
