20 34 7 6 5 7 5 6 6 5 7 7 6 5 26 17 14 14 14 16 28 7 5 7 7 7 5 7 7 26 17 14 14 14 14 14 14 14 14 14 14 14 14 14 15 6 7 6 6 6 5 25 19 14 14 14 14 14 14 14 14 15 6 6 5 5 5 6 6 6 6 5 5 7 5 6 5 5 6 6 6 5 7 6 6 5 5 6 6 7 26 17 14 14 14 14 14 14 14 14 14 14 14 14 16 28 6 7 6 7 5 5 6 6 7 5 7 7 7 6 6 23 14 14 14 14 14 14 14 14 14 14 14 14 14 16 28 5 7 7 5 6 6 6 5 7 5 5 5 7
14 20 34 6 7 7 5 5 7 7 6 7 7 7 5 26 35 35 35 28 6 5 6 7 5 5 7 6 6 7 23 14 14 14 14 14 14 14 14 14 14 14 14 16 28 6 7 6 7 7 5 23 14 14 14 14 14 14 14 14 14 20 34 6 7 5 7 6 7 7 7 5 5 5 7 7 5 5 7 5 7 7 5 7 7 7 5 5 7 7 5 23 14 14 14 14 14 14 14 14 14 14 14 14 15 5 7 6 5 5 7 5 5 7 7 6 6 5 6 5 7 23 14 14 14 14 14 14 14 14 14 14 14 14 14 20 34 5 7 6 6 7 7 6 6 5 5 6 5 7
14 14 20 34 7 5 5 6 7 6 5 5 6 5 7 5 7 7 5 5 5 7 7 7 6 6 6 6 6 7 26 17 14 14 14 14 14 14 14 14 14 14 16 28 5 7 6 7 7 6 6 23 14 14 14 14 14 14 14 14 14 14 15 7 6 6 6 6 5 6 7 6 7 6 7 7 6 6 7 7 6 5 6 7 6 5 6 5 5 5 5 23 14 14 14 14 14 14 14 14 14 14 14 16 28 5 5 5 5 5 5 5 5 7 7 5 5 7 5 5 7 23 14 14 14 14 14 14 14 14 14 14 14 14 14 14 20 34 7 5 7 7 7 5 6 7 7 6 7 6
14 14 14 20 34 5 6 5 6 5 6 6 5 5 6 6 5 7 6 5 7 7 6 6 5 5 6 5 5 6 7 23 14 14 14 14 14 14 14 14 14 14 15 7 5 7 5 7 5 5 5 23 14 14 14 14 14 14 14 14 14 14 20 34 5 7 6 5 5 5 7 7 7 5 6 6 6 7 5 6 7 5 7 7 7 6 7 7 6 7 6 26 17 14 14 14 14 14 14 14 14 14 14 15 5 7 7 6 5 5 6 6 5 6 6 6 7 5 7 7 5 23 14 14 14 14 14 14 14 14 14 14 14 14 14 14 14 20 34 5 5 5 7 6 7 7 7 5 6 5
14 14 14 14 20 34 5 7 5 5 7 5 6 5 5 5 7 7 5 6 5 6 7 7 6 5 7 7 6 6 7 26 17 14 14 14 14 14 14 14 14 16 28 6 5 7 6 7 5 6 6 23 14 14 14 14 14 14 14 14 14 14 14 15 6 7 5 7 6 5 6 6 7 5 6 7 7 5 6 6 5 7 5 7 5 6 7 6 6 6 5 7 23 14 14 14 14 14 14 14 14 14 14 15 6 7 6 6 5 6 5 5 6 6 6 6 5 7 7 6 5 23 14 14 14 14 14 14 14 14 14 14 14 14 14 14 14 14 20 34 7 7 7 7 6 7 7 6 5 5
14 14 14 14 14 20 21 34 5 5 5 6 5 6 6 7 5 7 7 6 6 7 7 7 6 7 6 7 7 7 6 6 23 14 14 14 14 14 14 16 35 28 5 7 7 6 7 7 6 6 6 23 14 14 14 14 14 14 14 14 14 14 14 15 7 7 5 6 7 7 7 6 6 5 7 5 7 6 5 7 6 7 5 7 7 7 7 5 7 7 5 5 23 14 14 14 14 14 14 14 14 14 14 15 7 5 6 7 7 7 6 7 5 5 7 5 5 7 5 6 5 23 14 14 14 14 14 14 14 14 14 14 14 14 14 14 14 14 14 20 34 5 7 5 7 5 6 7 6 6
14 14 14 14 14 14 14 20 21 34 5 6 5 5 5 7 7 6 7 6 6 6 5 25 21 21 21 21 34 5 6 7 26 17 14 14 16 35 35 28 7 5 7 7 6 5 6 6 5 6 7 23 14 14 14 14 14 14 14 14 14 14 14 15 7 7 5 7 5 6 6 7 6 7 5 6 6 7 6 7 25 21 21 21 21 21 21 21 21 21 34 6 26 35 17 14 14 14 14 14 14 14 14 20 34 7 5 6 5 7 5 5 6 5 7 7 5 5 7 6 5 23 14 14 14 14 14 14 14 14 14 14 14 14 14 14 14 14 14 14 20 21 21 21 21 21 21 21 21 21
14 14 14 14 14 14 14 14 14 20 34 5 5 7 7 7 5 5 5 25 21 21 21 19 14 14 14 14 20 21 21 21 6 26 35 35 28 6 5 7 5 6 5 5 6 6 6 5 5 7 25 19 14 14 14 14 14 14 14 14 14 14 14 15 7 6 7 5 7 5 5 6 6 5 7 7 7 5 25 21 19 14 14 14 14 14 14 14 14 14 20 34 6 6 26 35 17 14 14 14 14 14 14 14 20 34 6 7 6 6 6 5 5 7 5 6 6 5 5 6 6 23 14 14 14 14 14 14 14 14 14 14 14 14 14 14 14 14 14 14 14 14 14 14 14 14 14 14 14 14
14 14 14 14 14 14 14 14 14 14 20 21 34 5 5 5 6 5 25 19 14 14 14 14 14 14 14 14 14 14 14 14 15 6 7 7 6 6 7 5 6 5 6 5 5 6 7 6 5 6 23 14 14 14 14 14 14 14 14 14 14 14 16 28 7 7 6 7 6 6 5 5 7 7 7 5 7 25 19 14 14 14 14 14 14 14 14 14 14 14 14 20 34 5 7 6 26 35 17 14 14 14 14 14 14 20 34 7 7 5 5 7 6 5 7 5 6 5 7 7 6 23 14 14 14 14 14 14 14 14 14 14 14 14 14 14 14 14 14 14 14 14 14 14 14 14 14 14 14 14
14 14 14 14 14 14 14 14 14 14 14 14 20 34 5 7 6 25 19 14 14 14 14 14 14 14 14 14 14 14 14 14 15 5 5 5 6 5 5 6 5 5 6 6 7 7 5 6 5 25 19 14 14 14 14 14 14 14 14 14 14 14 15 6 7 5 5 7 5 6 5 6 6 5 7 5 25 19 14 14 14 14 14 14 14 14 14 14 14 14 14 14 15 6 7 6 6 5 23 14 14 14 14 14 14 14 15 7 5 6 7 6 7 7 5 6 5 7 5 6 7 23 14 14 14 14 14 14 14 14 14 14 14 14 14 14 14 14 14 14 14 14 14 14 14 14 14 14 14 14
14 14 14 14 14 14 14 14 14 14 14 14 14 20 34 6 5 23 14 14 14 14 14 14 14 14 14 14 14 14 14 14 15 6 6 7 5 7 7 5 6 6 6 7 7 6 5 6 25 19 14 14 14 14 14 14 14 14 14 14 14 14 15 5 5 5 5 7 5 7 7 6 5 5 7 25 19 14 14 14 14 14 14 14 14 14 14 14 14 14 14 14 15 6 5 5 7 7 26 17 14 14 14 14 14 14 15 6 7 6 5 7 6 7 5 6 7 6 7 6 7 23 14 14 14 14 14 14 14 14 14 14 14 14 14 14 14 14 14 14 14 14 14 14 14 14 14 14 14 14
14 14 14 14 14 14 14 14 14 14 14 14 14 14 15 5 5 23 14 14 14 14 14 14 14 14 14 14 14 14 14 16 28 6 6 7 5 7 7 7 7 7 6 5 6 7 7 25 19 14 14 14 14 14 14 14 14 14 14 14 14 16 28 6 6 5 7 5 6 6 6 6 7 5 7 23 14 14 14 14 14 14 14 14 14 14 14 14 14 14 14 14 15 6 7 7 5 7 6 23 14 14 14 14 14 14 15 6 5 5 5 6 6 6 7 6 7 5 6 6 7 23 14 14 14 14 14 14 14 14 14 14 14 14 14 14 14 14 14 14 14 14 14 14 14 14 14 14 14 14
14 14 14 14 14 14 14 14 14 14 14 14 14 14 15 5 5 23 14 14 14 14 14 14 14 14 14 14 14 14 14 15 7 6 5 6 7 7 5 6 6 5 5 6 6 25 21 19 14 14 14 14 14 14 14 14 14 14 14 14 14 15 6 7 7 5 6 6 7 5 6 5 7 7 7 23 14 14 14 14 14 14 14 14 14 14 14 14 14 14 14 16 28 7 5 7 6 6 7 23 14 14 14 14 14 14 15 7 6 5 5 7 7 7 7 5 6 7 6 6 6 23 14 14 14 14 14 14 14 14 14 14 14 14 14 14 14 14 14 16 17 14 14 14 14 14 14 14 14 14
14 14 14 14 14 14 14 14 14 14 14 14 14 14 15 7 7 26 17 14 14 14 14 14 14 14 14 14 14 14 16 28 6 6 5 6 7 5 6 5 6 7 25 21 21 19 14 14 14 14 14 14 14 14 14 14 14 14 14 14 16 28 5 7 6 5 5 5 6 7 6 5 6 5 25 19 14 14 14 14 14 14 14 14 14 14 14 14 14 14 14 15 6 7 6 5 6 5 5 26 17 14 14 14 14 14 15 6 7 5 6 6 6 7 7 7 7 6 6 7 5 23 14 14 14 14 14 14 14 14 14 14 14 14 14 14 14 14 16 28 26 17 14 14 14 14 14 14 14 14
14 14 14 14 14 14 14 14 14 14 14 14 14 14 15 7 7 6 23 14 14 14 14 14 14 14 14 14 14 16 28 6 7 6 5 5 7 6 5 7 7 25 19 14 14 14 14 14 14 14 14 14 14 14 14 14 14 14 14 14 15 5 6 6 7 5 6 5 6 5 6 6 7 5 23 14 14 14 14 14 14 14 14 14 14 14 14 14 14 14 14 15 5 7 6 5 6 5 6 5 23 14 14 14 14 14 15 7 5 7 5 6 7 7 6 7 5 6 7 6 6 23 14 14 14 14 14 14 14 14 14 14 14 14 14 14 16 35 28 5 7 26 17 14 14 14 14 14 14 14
14 14 14 14 14 14 14 14 14 14 14 14 14 14 15 7 5 6 26 17 14 14 14 14 14 14 14 16 35 28 6 5 5 7 5 6 5 6 7 5 25 19 14 14 14 14 14 14 14 14 14 14 14 14 14 14 14 14 14 16 28 5 7 6 5 6 6 5 5 5 6 7 5 6 26 17 14 14 14 14 14 14 14 14 14 14 14 14 14 14 16 28 5 6 7 5 5 6 5 5 23 14 14 14 14 14 15 7 5 7 6 6 7 7 5 5 5 5 7 6 25 19 14 14 14 14 14 14 14 14 14 14 14 14 14 14 15 6 7 5 6 5 26 17 14 14 14 14 14 14
14 14 14 14 14 14 14 14 14 14 14 14 14 14 20 34 5 6 5 26 35 17 14 14 14 16 35 28 6 6 7 7 6 7 6 6 5 5 5 5 23 14 14 14 14 14 14 14 14 14 14 14 14 14 14 14 14 14 16 28 6 6 7 6 5 6 5 5 5 5 7 7 7 7 5 23 14 14 14 14 14 14 14 14 14 14 14 14 14 14 15 5 6 5 5 6 7 6 7 7 26 17 14 14 14 16 28 5 6 6 5 5 5 6 6 5 6 7 6 6 23 14 14 14 14 14 14 14 14 14 14 14 14 14 14 16 28 5 7 5 6 5 6 23 14 14 14 14 14 14
14 14 14 14 14 14 14 14 14 14 14 14 14 14 14 20 21 21 34 7 6 26 35 35 35 28 5 5 7 7 6 6 5 6 6 5 7 6 7 25 19 14 14 14 14 14 14 14 14 14 14 14 14 14 14 14 14 16 28 5 7 6 5 7 6 5 7 6 6 7 6 6 5 5 6 26 17 14 14 14 14 14 14 14 14 14 14 14 14 14 15 7 5 7 5 7 7 6 7 6 6 26 35 35 35 28 7 5 6 6 7 6 5 7 5 7 6 5 5 25 19 14 14 14 14 14 14 14 14 14 14 14 14 14 16 28 5 6 5 6 5 6 5 26 17 14 14 14 14 14
17 14 14 14 14 14 14 14 14 14 14 14 14 14 14 14 14 14 20 34 6 6 7 7 7 5 5 6 7 6 5 6 7 6 7 7 5 6 6 23 14 14 14 14 14 14 14 14 14 14 14 14 14 14 14 16 35 28 7 6 5 6 5 7 5 7 6 6 7 7 5 5 5 7 5 6 26 17 14 14 14 14 14 14 14 14 14 14 14 14 15 5 7 6 5 5 7 5 5 6 5 5 6 5 7 5 7 5 6 7 7 7 5 6 7 5 6 5 5 23 14 14 14 14 14 14 14 14 14 14 14 14 14 14 15 6 7 7 6 5 6 7 6 7 26 17 14 14 14 14
26 17 14 14 14 14 14 14 14 14 14 14 14 14 14 14 14 14 14 15 7 5 7 6 7 6 5 6 7 5 6 7 7 7 5 5 7 6 5 23 14 14 14 14 14 14 14 14 14 14 14 14 14 14 16 28 7 7 6 5 7 5 6 5 5 5 7 6 7 5 7 5 6 7 5 7 6 26 35 17 14 14 14 14 14 14 14 14 14 14 15 7 6 5 6 5 5 6 5 5 6 7 7 5 6 6 7 5 6 5 5 6 6 6 7 7 7 7 6 23 14 14 14 14 14 14 14 14 14 14 14 14 14 16 28 6 5 7 7 6 6 7 5 7 7 26 17 14 14 14
7 26 17 14 14 14 14 14 14 14 14 14 14 14 14 14 14 14 14 15 5 6 6 6 7 5 7 7 7 6 7 6 6 7 6 6 7 5 6 23 14 14 14 14 14 14 14 14 14 14 14 14 16 35 28 5 5 6 5 6 7 6 6 6 5 7 6 7 6 5 7 5 6 5 6 6 7 6 5 26 35 35 35 17 14 14 14 14 14 14 15 6 6 6 7 7 7 6 7 6 6 6 7 5 6 6 6 5 5 5 7 7 5 7 5 5 6 7 25 19 14 14 14 14 14 14 14 14 14 14 14 14 14 15 5 6 5 5 7 7 6 5 7 6 6 6 23 14 14 14
7 6 26 17 14 14 14 14 14 14 14 14 14 14 14 14 14 14 14 15 6 5 6 5 5 5 6 7 5 6 5 5 5 6 6 5 6 6 6 23 14 14 14 14 14 14 14 14 14 14 14 16 28 5 6 6 5 7 7 6 7 6 5 5 7 5 7 6 5 5 5 6 6 5 5 5 7 7 6 7 6 6 6 26 35 35 35 35 35 35 21 21 21 21 21 21 21 21 34 6 6 7 7 5 7 7 6 6 6 5 6 7 7 6 6 7 6 5 23 14 14 14 14 14 14 14 14 14 14 14 14 14 14 15 7 5 5 7 6 5 5 5 5 7 7 6 26 17 14 14
7 6 5 26 17 14 14 14 14 14 14 14 14 14 14 14 14 14 14 15 5 6 5 5 6 5 6 5 6 6 6 5 6 5 6 6 25 21 21 19 14 14 14 14 14 14 14 14 14 14 16 28 6 6 5 6 5 5 6 7 7 7 5 7 6 7 5 7 5 6 7 6 7 6 6 7 6 6 7 7 7 5 6 6 5 5 5 6 5 23 14 14 14 14 14 14 14 14 20 34 5 6 6 7 7 6 7 5 6 5 6 7 5 6 6 7 5 5 23 14 14 14 14 14 14 14 14 14 14 14 14 14 14 20 34 5 7 5 7 7 7 6 5 6 5 6 5 26 35 35
5 6 6 5 26 17 14 14 14 14 14 14 14 14 14 14 14 14 14 15 6 7 5 6 7 6 5 6 5 5 5 6 7 25 21 21 19 14 14 14 14 14 16 17 14 14 14 14 16 35 28 7 5 5 7 5 7 7 5 5 5 7 6 6 5 6 6 6 6 7 7 5 7 7 6 5 6 5 6 6 7 7 6 7 7 7 6 6 5 23 14 14 14 14 14 14 14 14 14 20 34 7 6 6 6 6 7 5 6 5 5 5 6 5 7 7 6 6 23 14 14 14 14 14 14 14 14 14 14 14 14 14 14 14 15 6 5 6 5 6 7 6 5 7 6 7 7 7 5 5
5 6 7 5 6 26 17 14 14 14 14 14 14 14 14 14 14 14 14 15 7 5 7 5 6 7 6 7 5 5 5 25 21 19 14 14 14 14 14 14 14 16 28 26 35 35 35 35 28 5 6 7 5 5 7 6 7 6 6 6 6 5 5 6 5 6 7 6 6 5 7 7 6 6 5 7 5 6 6 6 6 5 6 7 7 5 6 5 7 23 14 14 14 14 14 14 14 14 14 14 15 6 7 7 7 7 7 6 6 7 7 5 7 6 7 5 6 6 23 14 14 14 14 14 14 14 14 14 14 14 14 14 14 14 20 34 6 5 5 5 6 6 6 5 5 5 7 25 21 21
7 6 7 6 5 5 26 17 14 14 14 14 14 14 14 14 14 14 16 28 7 7 6 5 5 5 7 6 7 6 25 19 14 14 14 14 14 14 14 14 14 15 7 7 7 5 6 7 7 7 6 7 5 5 6 6 7 7 6 5 6 7 5 7 7 6 6 5 25 21 21 34 6 6 6 7 5 7 5 6 5 7 6 5 6 5 7 7 6 23 14 14 14 14 14 14 14 14 14 14 20 34 7 7 5 6 7 6 5 5 5 7 6 5 7 7 5 7 23 14 14 14 14 14 14 14 14 14 14 14 14 14 14 14 14 15 6 5 5 5 5 5 6 7 6 6 6 23 14 14
6 6 6 7 7 7 7 23 14 14 14 14 14 14 14 14 14 14 15 6 5 7 7 7 6 7 5 5 5 25 19 14 14 14 14 14 14 14 14 14 14 20 34 5 6 7 6 7 6 6 6 6 6 6 5 7 6 5 6 6 7 7 5 7 7 25 21 21 19 14 14 20 21 34 5 6 7 5 7 7 5 6 7 6 5 5 5 6 5 23 14 14 14 14 14 14 14 14 14 14 14 20 34 7 6 5 7 6 6 5 5 7 5 7 7 5 7 7 26 17 14 14 14 14 14 14 14 14 14 14 14 14 14 14 14 20 34 5 7 7 5 7 5 7 6 6 25 19 14 14
5 7 7 7 6 5 6 26 17 14 14 14 14 14 14 14 14 16 28 5 7 7 7 6 7 5 5 5 5 23 14 14 14 14 14 14 14 14 14 14 14 14 15 6 6 6 5 7 5 5 7 5 7 7 7 5 6 7 5 7 5 7 7 25 21 19 14 14 14 14 14 14 14 20 21 34 7 7 6 7 5 5 7 6 7 7 5 6 6 23 14 14 14 14 14 14 14 14 14 14 14 14 20 34 5 6 5 5 5 5 6 6 5 5 5 5 6 6 7 26 17 14 14 14 14 14 14 14 14 14 14 14 14 14 14 14 20 34 6 7 5 7 7 5 7 25 19 14 14 14
7 5 7 5 5 5 7 5 26 17 14 14 14 14 14 14 16 28 7 7 7 6 5 5 5 6 5 5 25 19 14 14 14 14 14 14 14 14 14 14 14 14 20 21 21 21 21 21 21 21 21 21 21 21 21 21 21 21 21 21 21 21 21 19 14 14 14 14 14 14 14 14 14 14 14 20 34 6 5 7 6 6 7 7 5 7 7 6 6 26 17 14 14 14 14 14 14 14 14 14 14 14 14 20 21 21 21 21 34 6 7 6 5 7 7 7 6 7 6 7 23 14 14 14 14 14 14 14 14 14 14 14 14 14 14 14 14 15 6 5 6 6 5 5 7 23 14 14 14 14
6 6 6 5 5 6 7 6 5 26 35 35 35 35 35 35 28 7 7 5 6 7 6 6 6 6 5 7 23 14 14 14 14 14 14 14 14 14 14 14 14 14 14 14 14 14 14 14 14 14 14 14 14 14 14 14 14 14 14 14 14 14 14 14 14 14 14 14 14 14 14 14 14 14 14 14 20 34 6 7 5 7 7 5 7 5 6 6 6 5 23 14 14 14 14 14 14 14 14 14 14 14 14 14 14 14 14 14 20 21 34 7 7 6 6 7 5 6 5 7 26 17 14 14 14 14 14 14 14 14 14 14 14 14 14 14 14 20 34 7 5 6 5 7 25 19 14 14 14 14
7 6 5 6 7 5 5 7 5 6 6 5 5 6 7 5 6 6 6 6 7 7 6 6 5 6 7 7 23 14 14 14 14 14 14 14 14 14 14 14 14 14 14 14 14 14 14 14 14 14 14 14 14 14 14 14 14 14 14 14 14 14 14 14 14 14 14 14 14 14 14 14 14 14 14 14 14 20 34 7 7 7 7 7 5 5 7 5 7 6 23 14 14 14 14 14 14 14 14 14 14 14 14 14 14 14 14 14 14 14 15 6 7 7 6 6 6 7 6 7 6 23 14 14 14 14 14 14 14 14 14 14 14 14 14 14 14 14 20 34 5 5 7 25 19 14 14 14 14 14
7 7 6 7 7 7 5 5 6 6 5 6 6 7 5 6 5 7 7 7 7 6 6 6 6 5 7 7 23 14 14 14 14 14 14 14 14 14 14 14 14 14 14 14 14 14 14 14 14 14 14 14 14 14 14 14 14 14 14 14 14 14 14 14 14 14 14 14 14 14 14 14 14 14 14 14 14 14 15 6 7 7 6 6 6 7 5 5 7 6 26 17 14 14 14 14 14 14 14 14 14 14 14 14 14 14 14 14 14 14 20 34 5 6 5 5 5 7 6 7 7 26 17 14 14 14 14 14 14 14 14 14 14 14 14 14 14 14 14 20 21 21 21 19 14 14 14 14 14 14
7 5 7 5 5 5 7 6 7 7 5 7 6 7 6 6 5 5 5 6 6 6 5 6 7 6 7 7 23 14 14 14 14 14 14 14 14 14 14 14 14 14 14 14 14 14 14 14 14 14 14 14 14 14 14 14 14 14 14 14 14 14 14 14 14 14 14 14 14 14 14 14 14 14 14 14 14 14 20 34 6 7 6 5 5 5 7 7 5 6 7 26 17 14 14 14 14 14 14 14 14 14 14 14 14 14 14 14 14 14 14 15 5 7 7 5 5 6 7 5 6 7 23 14 14 14 14 14 14 14 14 14 14 14 14 14 14 14 14 14 14 14 14 14 14 14 14 14 14 14
7 7 6 5 7 6 5 7 7 7 6 5 7 7 6 5 6 7 7 7 5 5 5 5 7 5 7 5 23 14 14 14 14 14 14 14 14 14 14 14 14 14 14 14 14 14 14 14 14 14 14 14 14 14 14 14 14 14 14 14 14 14 14 14 14 14 14 14 14 14 14 14 14 14 14 14 14 14 14 15 5 7 5 7 5 7 7 5 7 7 5 7 26 17 14 14 14 14 14 14 14 14 14 14 14 14 14 14 14 14 14 15 6 7 7 7 6 5 5 7 5 5 26 17 14 14 14 14 14 14 14 14 14 14 14 14 14 14 14 14 14 14 14 14 14 14 14 14 14 14
6 6 5 6 6 7 6 5 5 5 6 5 7 6 7 6 5 7 6 6 6 6 7 7 7 5 7 6 26 17 14 14 14 14 14 14 14 14 14 14 14 14 14 14 14 14 14 14 14 14 14 14 14 14 14 14 14 14 14 14 14 14 14 14 14 14 14 14 14 14 14 14 14 14 14 14 14 14 14 20 34 6 7 7 6 7 5 7 6 6 7 6 7 26 17 14 14 14 14 14 14 14 14 14 14 14 14 14 14 14 16 28 6 7 7 5 5 5 5 5 5 5 7 23 14 14 14 14 14 14 14 14 14 14 14 14 14 14 14 14 14 14 14 14 14 14 14 14 14 14
7 6 5 7 6 5 6 6 6 6 6 7 7 6 5 5 5 7 7 7 7 5 5 7 6 6 5 6 7 26 17 14 14 14 14 14 14 14 14 14 14 14 14 14 14 14 14 14 14 14 14 14 14 14 14 14 14 14 14 14 14 14 14 14 14 14 14 14 14 14 14 14 14 14 14 14 14 14 14 14 15 7 6 7 7 5 7 5 5 6 5 7 5 5 26 17 14 14 14 14 14 14 14 14 14 14 14 14 14 14 15 6 6 5 7 5 7 7 6 5 5 5 7 23 14 14 14 14 14 14 14 14 14 14 14 14 14 14 14 14 14 14 14 14 14 14 14 14 14 14
7 7 7 5 5 6 6 7 5 6 7 5 5 7 7 7 7 6 7 7 6 7 7 6 6 5 7 7 7 7 26 17 14 14 14 14 14 14 14 14 14 14 14 14 14 14 14 14 14 14 14 14 14 14 14 14 14 14 14 14 14 14 14 14 14 14 14 14 14 14 14 14 14 14 14 14 14 14 14 14 20 34 5 5 6 5 5 5 7 6 7 5 6 5 7 26 17 14 14 14 14 14 14 14 14 14 14 14 14 16 28 7 5 5 5 7 7 5 7 7 6 7 6 23 14 14 14 14 14 14 14 14 14 14 14 14 14 14 14 14 14 14 14 14 14 14 14 14 14 14
7 6 5 7 6 5 7 6 7 7 7 7 5 5 7 5 7 5 6 7 6 5 6 6 5 5 6 7 7 5 5 26 35 17 14 14 14 14 14 14 14 14 14 14 14 14 14 14 14 14 14 14 14 14 14 14 14 14 14 14 14 14 14 14 14 14 14 14 14 14 14 14 14 14 14 14 14 14 14 14 14 20 34 5 7 5 6 6 7 7 5 6 7 6 6 5 23 14 14 14 14 14 14 14 14 14 14 14 16 28 6 7 6 6 7 5 7 6 6 6 7 7 5 23 14 14 14 14 14 14 14 14 14 14 14 14 14 14 14 14 14 14 14 14 14 14 14 14 14 14
7 6 6 5 6 7 5 5 6 7 6 5 7 7 6 6 6 5 7 5 7 5 5 6 5 5 5 6 6 6 7 6 7 26 35 17 14 14 14 14 14 14 14 14 14 14 14 14 14 14 14 14 14 14 14 14 14 14 14 14 14 14 14 14 14 14 14 14 14 14 14 16 35 35 17 14 14 14 14 14 14 14 20 34 7 6 7 7 7 7 7 6 5 5 6 5 23 14 14 14 14 14 14 14 14 14 14 16 28 6 6 5 6 7 5 6 7 6 6 7 5 6 25 19 14 14 14 14 14 14 14 14 14 14 14 14 14 14 14 14 14 14 14 14 14 14 14 14 14 14
7 7 6 6 5 6 6 6 6 7 7 5 5 5 5 5 5 7 7 6 5 6 5 6 5 6 6 7 6 7 7 5 5 5 6 26 35 17 14 14 14 14 14 14 14 14 14 14 14 14 14 14 14 14 14 14 14 14 14 14 14 14 14 14 14 14 14 14 14 16 35 28 6 7 26 17 14 14 14 14 14 14 14 20 21 34 5 7 5 7 7 5 6 7 7 6 23 14 14 14 14 14 14 14 14 14 14 15 6 7 6 5 6 6 7 7 6 7 5 7 7 25 19 14 14 14 14 14 14 14 14 14 14 14 14 14 14 14 14 14 14 14 14 14 14 14 14 14 14 14
6 6 5 6 6 7 6 6 7 6 5 6 5 6 7 5 6 5 6 5 7 6 7 5 5 6 6 5 7 5 7 6 5 6 5 6 5 26 17 14 14 14 14 14 14 14 14 14 14 14 14 14 14 14 14 14 14 14 14 14 14 14 14 14 14 14 14 14 16 28 6 6 6 7 5 26 17 14 14 14 14 14 14 14 14 20 34 7 7 5 6 5 7 5 5 6 23 14 14 14 14 14 14 14 14 14 16 28 5 5 6 7 6 6 6 6 6 6 5 6 25 19 14 14 14 14 14 14 14 14 14 14 14 14 14 14 14 14 14 14 14 14 14 14 14 14 14 14 14 14
6 5 6 6 6 6 6 6 6 7 5 5 7 5 5 25 21 21 21 21 21 34 6 5 5 7 5 6 5 7 7 5 7 7 6 7 6 6 26 17 14 14 14 14 14 14 14 14 14 14 14 14 14 14 14 14 14 14 14 14 14 14 14 14 14 14 14 16 28 6 7 5 5 7 6 25 19 14 14 14 14 14 14 14 14 14 20 34 6 7 6 7 5 7 7 25 19 14 14 14 14 14 14 14 14 14 15 7 5 5 5 5 5 5 5 5 7 6 7 7 23 14 14 14 14 14 14 14 14 14 14 14 14 14 14 14 14 14 14 14 14 14 14 14 14 14 14 14 14 14
7 7 5 5 7 7 6 5 7 7 5 6 7 7 25 19 14 14 14 14 14 20 21 34 6 7 7 7 7 5 5 7 5 5 7 7 5 7 5 26 35 17 14 14 14 14 14 14 14 14 14 14 14 14 14 14 14 14 14 14 14 14 14 14 14 14 16 28 5 6 5 5 6 5 6 23 14 14 14 14 14 14 14 14 14 14 14 20 34 5 5 6 5 5 25 19 14 14 14 14 14 14 14 14 14 14 15 7 7 7 6 5 5 6 6 5 5 5 6 7 23 14 14 14 14 14 14 14 14 14 14 14 14 14 14 14 14 14 14 14 14 14 14 14 14 14 14 14 14 14
5 7 5 6 6 7 5 6 5 7 7 6 6 25 19 14 14 14 14 14 14 14 14 20 21 21 34 5 5 6 6 6 7 6 5 7 6 5 6 6 7 26 17 14 14 14 14 14 14 14 14 14 14 14 14 14 14 14 14 14 14 14 14 14 14 16 28 5 5 7 7 5 5 5 7 23 14 14 14 14 14 14 14 14 14 14 14 14 20 21 34 6 7 25 19 14 14 14 14 14 14 14 14 14 14 14 15 7 5 6 7 5 5 7 7 7 5 5 7 6 23 14 14 14 14 14 14 14 14 16 35 35 35 17 14 14 14 14 14 14 14 14 14 14 14 14 14 14 14 14
7 5 7 6 7 5 7 5 7 6 5 7 6 23 14 14 14 14 14 14 14 14 14 14 14 14 20 21 21 21 21 21 21 34 6 7 6 7 7 7 6 7 26 17 14 14 14 14 14 14 14 14 14 14 14 14 16 35 17 14 14 14 14 14 16 28 6 5 6 7 6 6 6 5 25 19 14 14 14 14 14 14 14 14 14 14 14 14 14 14 20 21 21 19 14 14 14 14 14 14 14 14 14 14 14 14 20 34 6 7 6 6 6 6 5 5 6 6 7 6 26 17 14 14 14 14 14 16 35 28 5 5 5 26 35 35 17 14 14 14 14 14 14 14 14 14 14 14 14 14
5 5 6 6 6 5 7 7 7 6 7 5 6 23 14 14 14 14 14 14 14 14 14 14 14 14 14 14 14 14 14 14 14 20 34 5 5 6 7 5 7 7 6 26 35 17 14 14 14 14 14 14 14 14 16 35 28 5 26 35 35 35 35 35 28 5 7 5 6 7 5 5 6 25 19 14 14 14 14 14 14 14 14 14 14 14 14 14 14 14 14 14 14 14 14 14 14 14 14 14 14 14 14 14 14 14 14 15 6 5 7 5 6 5 5 6 5 5 6 7 6 23 14 14 14 14 16 28 5 5 7 6 7 7 6 7 26 35 17 14 14 14 14 14 14 14 14 14 14 14
34 7 5 7 5 5 6 5 5 5 5 5 6 23 14 14 14 14 14 14 14 14 14 14 14 14 14 14 14 14 14 14 14 14 20 34 7 6 6 5 5 5 7 5 6 26 17 14 14 14 14 16 35 35 28 5 5 6 6 6 5 7 7 6 7 7 5 7 7 6 6 7 5 23 14 14 14 14 14 14 14 14 14 14 14 14 14 14 14 14 14 14 14 14 14 14 14 14 14 14 14 14 14 14 14 14 14 15 5 6 7 6 5 6 7 6 6 5 6 7 5 26 35 35 35 35 28 5 5 7 6 6 7 5 5 5 7 6 26 17 14 14 14 14 14 14 14 14 14 14
20 34 7 5 5 6 5 7 5 6 6 5 6 23 14 14 14 14 14 14 14 14 14 14 14 14 14 14 14 14 14 14 14 14 14 20 34 6 5 7 5 7 6 5 7 7 26 35 35 35 35 28 6 7 6 7 7 5 6 5 5 5 5 5 6 7 5 5 5 6 6 25 21 19 14 14 14 14 14 14 14 14 14 14 14 14 14 14 14 14 14 14 14 14 14 14 14 14 14 14 14 14 14 14 14 14 14 15 5 7 7 7 6 5 5 6 7 7 6 6 5 6 6 6 6 7 6 5 5 6 7 7 7 5 5 5 5 7 5 26 17 14 14 14 14 14 14 14 14 14
14 15 6 5 7 5 5 5 7 7 6 5 7 26 17 14 14 14 14 14 14 14 14 14 14 14 14 14 14 14 14 14 14 14 14 14 20 34 5 6 6 7 6 5 6 7 6 7 7 7 7 7 7 6 7 6 6 7 6 6 6 5 7 7 7 6 5 5 7 7 25 19 14 14 14 14 14 14 14 14 14 14 14 14 14 14 14 14 14 14 14 14 14 14 14 14 14 14 14 14 14 14 14 14 14 14 14 15 6 5 6 6 6 5 5 6 7 7 5 6 5 7 5 7 5 6 6 5 7 6 6 7 6 7 7 6 7 6 6 6 26 17 14 14 14 14 14 14 14 14
14 15 5 7 6 6 5 6 7 5 7 5 5 5 23 14 14 14 14 14 14 14 14 14 14 14 14 14 14 14 14 14 14 14 14 14 14 15 6 5 5 5 7 6 6 6 6 5 7 5 6 5 6 5 6 5 6 6 7 5 5 7 7 6 5 5 5 6 5 25 19 14 14 14 14 14 14 14 14 14 14 14 14 14 14 14 14 14 14 14 14 14 14 14 14 14 14 14 14 14 14 14 14 14 14 14 14 15 5 6 7 5 6 6 6 6 7 7 6 5 6 7 5 5 7 6 5 5 5 6 7 5 7 5 6 7 7 7 5 7 5 26 17 14 14 14 14 14 14 14
14 20 34 6 5 6 5 7 7 7 5 5 5 6 26 17 14 14 14 14 14 14 14 14 14 14 14 14 14 14 14 14 14 14 14 14 14 20 34 6 5 7 6 7 5 6 7 6 7 7 6 7 5 7 6 5 7 6 6 6 5 6 7 6 7 6 6 7 25 19 14 14 14 14 14 14 14 14 14 14 14 14 14 14 14 14 14 14 14 14 14 14 14 14 14 14 14 14 14 14 14 14 14 14 14 14 14 15 5 7 5 5 5 6 7 5 7 5 6 7 6 6 6 6 6 6 6 5 7 6 5 5 5 5 6 7 6 5 6 6 7 7 23 14 14 14 14 14 14 14
14 14 15 5 5 6 6 7 7 6 7 5 5 6 6 23 14 14 14 14 14 14 14 14 14 14 14 14 14 14 14 14 14 14 14 14 14 14 20 21 34 5 7 5 6 7 7 6 6 7 7 7 7 5 5 7 5 5 7 5 5 6 5 6 5 6 5 25 19 14 14 14 14 14 14 14 14 14 14 14 14 14 14 14 14 14 14 14 14 14 14 14 14 14 14 14 14 14 14 14 14 14 14 14 14 14 14 15 7 7 6 7 5 5 7 5 7 7 6 5 5 6 7 7 5 5 6 25 21 21 21 34 7 6 7 7 7 6 5 7 7 7 26 17 14 14 14 14 14 14
14 14 15 7 7 5 6 6 5 5 7 5 7 7 6 23 14 14 14 14 14 14 14 14 14 14 14 14 14 14 14 14 14 14 14 14 14 14 14 14 20 34 7 6 7 7 5 7 7 7 7 5 5 7 5 7 6 5 6 6 6 7 5 6 5 6 25 19 14 14 14 14 14 14 14 14 14 14 14 14 14 14 14 14 14 14 14 14 14 14 14 14 14 14 14 14 14 14 14 14 14 14 14 14 14 14 16 28 5 5 6 5 7 6 7 5 6 7 5 6 7 6 6 7 5 25 21 19 14 14 14 20 21 21 34 5 5 7 5 5 6 6 6 26 17 14 14 14 14 14
14 16 28 5 5 6 6 6 5 6 7 7 7 5 6 23 14 14 14 14 14 14 14 14 14 14 14 14 14 14 14 14 14 14 14 14 14 14 14 14 14 20 21 34 5 5 7 6 7 6 7 5 7 5 6 7 5 7 7 7 5 5 5 6 7 25 19 14 14 14 14 14 14 14 14 14 14 14 14 14 14 14 14 14 14 14 14 14 14 14 14 14 14 14 14 14 14 14 14 14 14 14 14 14 14 14 15 7 7 6 5 6 5 5 7 6 6 6 7 5 6 5 7 5 6 23 14 14 14 14 14 14 14 14 20 21 34 6 5 6 6 5 5 5 26 17 14 14 14 14
14 15 7 6 6 5 5 7 6 6 5 5 5 6 5 23 14 14 14 14 14 14 14 14 14 14 14 14 14 14 14 14 14 14 14 14 14 14 14 14 14 14 14 20 34 6 7 5 6 7 7 5 7 5 7 7 5 6 7 7 6 7 6 6 25 19 14 14 14 14 14 14 14 14 14 14 14 14 14 14 14 14 14 14 14 14 14 14 14 14 14 16 35 17 14 14 14 14 14 14 14 14 14 14 14 14 15 6 5 5 6 7 5 7 6 7 6 5 5 5 5 7 6 7 25 19 14 14 14 14 14 14 14 14 14 14 20 34 5 5 5 5 5 7 6 23 14 14 14 14
14 15 5 6 6 7 6 5 7 7 6 5 7 7 7 23 14 14 14 14 14 14 14 14 14 14 14 14 14 14 14 14 14 14 14 14 14 14 14 14 14 14 14 14 20 34 7 7 7 5 5 5 6 6 5 5 6 7 6 5 7 5 5 25 19 14 14 14 14 14 14 14 14 14 14 14 14 14 14 14 14 14 14 14 14 14 14 14 14 14 16 28 5 26 17 14 14 14 14 14 14 14 14 14 14 14 15 7 6 6 7 5 5 6 7 5 7 5 6 5 7 6 7 25 19 14 14 14 14 14 14 14 14 14 14 14 14 15 5 5 6 7 5 7 6 26 17 14 14 14
16 28 7 6 5 7 7 7 5 6 5 6 6 5 6 23 14 14 14 14 14 14 14 14 14 14 14 14 14 14 14 14 14 14 14 14 14 14 14 14 14 14 14 14 14 15 5 5 7 7 5 7 5 5 7 6 6 7 5 7 5 7 25 19 14 14 14 14 14 14 14 14 14 14 14 14 14 14 14 14 14 14 14 14 14 14 14 14 16 35 28 5 6 5 26 17 14 14 14 14 14 14 14 14 14 14 15 6 5 5 7 7 5 7 7 5 7 6 7 5 7 7 6 23 14 14 14 14 14 14 14 14 14 14 14 14 14 20 34 5 6 7 7 5 5 7 23 14 14 14
15 7 6 5 5 7 7 7 5 6 7 6 6 6 25 19 14 14 14 14 14 14 14 14 14 14 14 14 14 14 14 14 14 14 14 14 14 14 14 14 14 14 14 14 14 15 6 7 7 7 6 6 7 7 6 7 6 6 6 5 5 25 19 14 14 14 14 14 14 14 14 14 14 14 14 14 14 14 14 14 14 14 14 14 14 14 14 14 15 5 5 6 6 5 6 23 14 14 14 14 14 14 14 14 14 14 15 5 5 5 5 7 6 6 7 6 7 6 6 7 5 6 25 19 14 14 14 14 14 14 14 14 14 14 14 14 14 14 15 7 6 7 7 5 5 5 26 17 14 14
28 5 5 6 7 5 6 6 7 6 6 6 5 25 19 14 14 14 14 14 14 14 14 14 14 14 14 14 14 14 14 14 14 14 14 14 14 14 14 14 14 14 14 14 14 15 7 5 5 6 6 6 6 5 7 5 7 7 5 6 25 19 14 14 14 14 14 14 14 14 14 14 14 14 14 14 14 14 14 14 14 14 14 14 14 14 14 14 20 21 34 6 5 6 25 19 14 14 14 14 14 14 14 14 14 14 15 6 6 7 6 5 7 7 6 6 7 7 5 6 5 25 19 14 14 14 14 14 14 14 14 14 14 14 14 14 14 14 15 6 7 6 6 5 6 7 5 23 14 14
5 6 5 6 6 5 7 7 7 7 5 5 7 23 14 14 14 14 14 14 14 14 14 14 14 14 14 14 14 14 14 14 14 14 14 14 14 14 14 14 14 14 14 14 14 15 7 5 5 7 5 6 6 7 7 5 5 6 7 25 19 14 14 14 14 14 14 14 14 14 14 14 14 14 14 14 14 16 35 35 35 35 17 14 14 14 14 14 14 14 20 21 34 25 19 14 14 14 14 14 14 14 14 14 14 14 15 6 5 7 6 5 6 7 6 7 6 7 5 5 25 19 14 14 14 14 14 14 14 14 14 14 14 14 14 14 14 16 28 5 5 7 5 5 5 7 6 26 17 14
6 5 5 5 5 6 5 7 7 5 5 5 25 19 14 14 14 14 14 14 14 14 14 14 14 14 14 14 14 16 35 35 35 17 14 14 14 14 14 14 14 14 14 14 14 15 7 6 7 7 6 6 6 6 5 5 5 6 25 19 14 14 14 14 14 14 14 14 14 14 14 14 14 14 14 16 35 28 5 7 6 5 23 14 14 14 14 14 14 14 14 14 20 19 14 14 14 14 14 14 14 14 14 14 14 14 20 34 6 7 7 6 7 5 7 5 5 5 7 5 23 14 14 14 14 14 14 14 14 14 14 14 14 14 14 14 14 15 6 5 5 7 7 7 5 6 7 5 26 35
6 7 7 6 5 6 7 5 6 6 5 7 23 14 14 14 14 14 14 14 14 14 14 14 14 14 14 16 35 28 5 5 5 26 17 14 14 14 14 14 14 14 14 14 16 28 5 5 6 5 6 5 5 7 6 6 6 25 19 14 14 14 14 14 14 14 14 14 14 14 14 14 14 16 35 28 5 7 7 7 7 5 26 17 14 14 14 14 14 14 14 14 14 14 14 14 14 14 14 14 14 14 14 14 14 14 14 15 7 6 5 7 6 7 7 6 5 6 6 25 19 14 14 14 14 14 14 14 14 14 14 14 14 14 14 14 16 28 6 7 7 7 6 6 6 7 5 6 6 7
7 6 6 7 7 6 7 5 7 6 5 7 23 14 14 14 14 14 14 14 14 14 14 14 14 14 16 28 5 5 7 6 7 7 26 17 14 14 14 14 14 14 14 14 15 5 6 7 6 5 6 5 6 5 7 5 25 19 14 14 14 14 14 14 14 14 14 14 14 14 14 14 16 28 5 7 6 7 5 6 5 7 7 23 14 14 14 14 14 14 14 14 14 14 14 14 14 14 14 14 14 14 14 14 14 14 14 15 7 5 5 6 5 6 7 6 5 5 25 19 14 14 14 14 14 14 14 14 14 14 14 14 14 14 14 14 15 7 6 5 5 7 7 5 7 7 7 6 6 5
6 7 5 6 7 7 6 5 5 6 7 5 23 14 14 14 14 14 14 14 14 14 14 14 14 16 28 5 5 5 6 5 6 6 7 26 17 14 14 14 14 14 14 16 28 5 5 5 7 6 6 6 5 5 6 7 23 14 14 14 14 14 14 14 14 14 14 14 14 14 14 16 28 6 5 7 5 5 6 6 5 6 5 26 17 14 14 14 14 14 14 14 14 14 14 14 14 14 14 14 14 14 14 14 14 14 14 15 5 6 5 7 6 7 6 7 7 6 23 14 14 14 14 14 14 14 14 14 14 14 14 14 14 14 14 16 28 5 7 6 7 7 7 5 5 6 7 5 5 7
7 7 5 6 6 5 5 5 6 7 5 5 23 14 14 14 14 14 14 14 14 14 14 14 14 15 7 5 6 6 7 6 6 5 5 5 26 35 35 35 35 35 35 28 7 6 7 6 6 6 7 6 5 7 5 25 19 14 14 14 14 14 14 14 14 14 14 14 14 14 16 28 5 7 5 6 6 5 7 7 6 7 5 5 23 14 14 14 14 14 14 14 14 14 14 14 14 14 14 14 14 14 14 14 14 14 14 15 5 7 6 5 5 7 5 7 6 25 19 14 14 14 14 14 14 14 14 14 14 14 14 14 14 14 14 15 6 6 5 5 7 7 7 5 7 6 7 5 6 25
5 7 7 5 7 5 7 6 5 5 7 5 26 17 14 14 14 14 14 14 14 14 14 14 16 28 7 5 5 7 7 5 5 7 7 5 6 6 6 6 6 5 6 6 6 5 7 6 6 6 6 6 7 7 25 19 14 14 14 14 14 14 14 14 14 14 14 14 14 16 28 6 5 7 5 6 6 7 5 5 7 6 5 7 26 17 14 14 14 14 14 14 14 14 14 14 14 14 14 14 14 14 14 14 14 14 16 28 6 5 6 7 6 7 7 5 25 19 14 14 14 14 14 14 14 14 14 14 14 14 14 14 14 14 16 28 7 7 5 6 7 5 5 7 6 6 6 6 25 19
6 7 7 6 6 5 6 6 5 6 5 6 5 26 17 14 14 14 14 14 14 14 14 14 15 5 5 5 7 7 5 5 5 7 5 6 5 5 5 5 5 7 6 5 7 7 7 5 5 5 7 5 7 25 19 14 14 14 14 14 14 14 14 14 14 14 14 14 16 28 6 7 6 6 7 5 7 7 6 5 6 7 5 7 7 26 17 14 14 14 14 14 14 14 14 14 14 14 14 14 14 14 14 14 14 16 28 6 5 5 6 7 6 6 7 25 19 14 14 14 14 14 14 14 14 14 14 14 14 14 14 14 14 16 28 5 7 5 7 6 5 7 6 6 7 7 5 6 23 14
7 7 7 5 6 7 6 7 7 6 7 5 7 6 26 17 14 14 14 14 14 14 14 14 15 6 7 7 6 5 6 6 6 5 5 6 7 7 6 5 7 5 7 5 7 5 5 5 5 6 6 6 6 23 14 14 14 14 14 14 14 14 14 14 14 14 14 16 28 5 5 5 5 7 6 6 7 5 5 6 5 5 5 5 7 6 26 17 14 14 14 14 14 14 14 14 14 14 14 14 14 14 14 14 16 28 5 6 6 6 5 6 7 6 25 19 14 14 14 14 14 14 14 14 14 14 14 14 14 14 14 14 16 28 5 7 7 7 6 5 6 6 5 5 6 5 7 6 23 14
34 6 7 7 6 6 7 7 5 5 6 7 7 6 7 23 14 14 14 14 14 14 14 14 15 5 7 5 7 7 7 5 5 6 7 6 7 5 5 5 7 6 5 5 7 7 5 5 6 5 5 6 25 19 14 14 14 14 14 14 14 14 14 14 14 14 16 28 5 5 7 6 6 7 7 7 7 7 7 5 7 7 6 6 5 7 7 26 17 14 14 14 14 14 14 14 14 14 14 14 14 14 14 16 28 7 6 5 5 6 6 5 5 25 19 14 14 14 14 14 14 14 14 14 14 14 14 14 14 14 14 16 28 7 5 7 7 7 7 7 6 7 5 6 6 7 6 25 19 14
20 34 7 7 7 5 7 7 5 5 5 5 6 7 5 26 17 14 14 14 14 14 14 14 20 34 7 5 7 6 6 6 7 7 5 7 6 6 6 6 5 5 5 6 5 7 5 7 5 6 7 25 19 14 14 14 14 14 14 14 14 14 14 14 14 16 28 5 5 6 7 7 7 7 7 7 5 7 6 5 5 5 7 5 7 5 7 7 26 17 14 14 14 14 14 14 14 14 14 14 14 14 16 28 7 6 5 5 7 6 7 6 25 19 14 14 14 14 14 14 14 14 14 14 14 14 14 14 16 35 35 28 5 7 7 7 6 6 6 7 5 7 7 5 5 7 7 23 14 14
14 15 6 5 6 6 5 7 7 5 5 6 5 5 6 7 23 14 14 14 14 14 14 14 14 20 34 6 7 6 6 6 5 6 7 7 6 7 7 7 6 7 7 5 5 5 5 6 7 6 7 23 14 14 14 14 14 14 14 14 14 14 14 14 16 28 5 6 7 7 5 6 6 7 7 7 5 5 7 6 5 6 7 5 6 7 5 5 7 26 17 14 14 14 14 14 14 14 14 14 14 16 28 5 5 6 7 6 6 6 25 21 19 14 14 14 14 14 14 14 14 14 14 14 14 16 35 35 28 5 7 6 5 5 5 6 5 5 5 6 7 7 5 6 6 6 6 26 17 14
14 15 7 5 6 7 5 6 7 5 5 7 6 6 6 6 23 14 14 14 14 14 14 14 14 14 20 34 6 5 6 6 6 7 6 5 6 5 6 5 7 5 5 7 7 7 5 7 5 7 25 19 14 14 14 14 14 14 14 14 14 14 14 16 28 7 7 5 7 7 7 5 6 7 6 7 7 7 7 5 5 5 6 5 5 7 7 6 6 6 23 14 14 14 14 14 14 14 14 14 14 15 6 7 7 5 7 5 6 6 23 14 14 14 14 14 14 14 14 14 14 14 14 16 35 28 5 7 5 5 7 5 5 7 7 6 7 6 5 5 6 7 6 7 6 6 7 6 23 14
14 15 6 5 5 5 6 6 5 7 7 5 5 5 6 25 19 14 14 14 14 14 14 14 14 14 14 20 34 7 7 5 5 6 6 5 7 5 7 5 7 6 6 7 7 6 5 7 5 25 19 14 14 14 14 14 14 14 14 14 14 14 16 28 5 6 6 7 5 5 7 7 7 6 6 5 5 5 5 5 6 6 5 6 7 6 7 7 5 7 23 14 14 14 14 14 14 14 14 14 14 15 7 7 7 6 6 5 7 25 19 14 14 14 14 14 14 14 14 14 14 14 16 28 5 6 7 6 6 7 6 5 6 7 7 7 6 6 7 7 7 6 5 5 7 6 7 6 23 14
14 15 6 7 7 5 7 7 5 6 6 5 7 5 25 19 14 14 14 14 14 14 14 14 14 14 14 14 20 34 6 6 7 7 5 5 6 6 6 6 7 5 6 7 6 7 7 25 21 19 14 14 14 14 14 14 14 14 14 14 14 16 28 5 7 5 5 7 5 5 7 5 6 6 6 7 25 21 21 21 21 21 34 5 5 6 7 5 5 7 23 14 14 14 14 14 14 14 14 14 14 20 34 6 6 6 7 25 21 19 14 14 14 14 14 14 14 14 14 14 14 14 15 5 6 6 5 7 5 5 7 5 5 7 7 5 7 6 5 5 6 5 5 5 5 5 6 7 26 17
16 28 6 5 6 7 6 5 5 7 6 6 6 25 19 14 14 14 14 14 14 14 14 14 14 14 14 14 14 15 5 6 6 5 6 6 7 6 7 5 7 5 5 6 25 21 21 19 14 14 14 14 14 14 14 14 14 14 14 14 14 15 5 6 7 5 6 5 6 7 6 6 7 5 25 21 19 14 14 14 14 14 20 34 6 6 5 5 6 6 23 14 14 14 14 14 14 14 14 14 14 14 20 34 7 25 21 19 14 14 14 14 14 14 14 14 14 14 14 14 14 14 15 6 5 6 5 6 6 5 5 5 6 6 5 7 25 21 21 34 5 6 7 6 7 7 7 7 5 26
28 6 5 7 5 7 5 5 5 5 5 5 25 19 14 14 14 14 14 14 14 14 14 14 14 14 14 14 14 20 34 5 5 6 7 7 5 7 6 25 21 21 21 21 19 14 14 14 14 14 14 14 14 14 14 14 14 14 14 14 16 28 7 6 6 7 6 7 7 7 6 6 6 25 19 14 14 14 14 14 14 14 14 15 6 7 5 7 6 6 23 14 14 14 14 14 14 14 14 14 14 14 14 20 21 19 14 14 14 14 14 14 14 14 14 14 14 14 14 14 14 14 15 6 6 7 5 5 6 7 7 6 7 5 25 21 19 14 14 20 34 5 6 6 7 5 6 5 6 5
5 6 6 7 6 7 6 6 6 6 6 25 19 14 14 14 14 14 14 14 14 14 14 14 14 14 14 14 14 14 20 34 7 6 5 7 7 25 21 19 14 14 14 14 14 14 14 14 14 14 14 14 14 14 14 14 14 14 14 14 15 6 6 6 7 5 5 7 6 5 5 7 7 23 14 14 14 14 14 14 14 14 14 20 34 6 7 6 7 7 23 14 14 14 14 14 14 14 14 14 14 14 14 14 14 14 14 14 14 14 14 14 14 14 14 14 14 14 14 14 14 14 15 7 6 6 5 7 7 6 6 6 6 25 19 14 14 14 14 14 20 34 5 5 6 5 7 5 5 5
6 7 6 7 6 6 5 7 7 7 25 19 14 14 14 14 14 14 14 14 14 14 14 14 14 14 14 14 14 14 14 20 21 34 25 21 21 19 14 14 14 14 14 14 14 14 14 14 14 14 14 14 14 14 14 14 14 14 14 16 28 6 5 6 7 5 6 5 6 6 6 6 25 19 14 14 14 14 14 14 14 14 14 14 15 5 7 5 6 5 23 14 14 14 14 14 14 14 14 14 14 14 14 14 14 14 14 14 14 14 14 14 14 14 14 14 14 14 14 14 14 14 15 6 5 5 6 7 5 6 7 7 25 19 14 14 14 14 14 14 14 15 6 6 6 5 5 7 7 7
5 6 5 6 6 6 6 7 5 7 23 14 14 14 14 14 14 14 14 14 14 14 14 14 14 14 14 14 14 14 14 14 14 20 19 14 14 14 14 14 14 14 14 14 14 14 14 14 14 14 14 14 14 14 14 14 14 14 14 15 6 6 5 5 7 7 6 7 7 5 7 7 23 14 14 14 14 14 14 14 14 14 14 14 15 5 5 7 7 5 23 14 14 14 14 14 14 14 14 14 14 14 14 14 14 14 14 14 14 14 14 14 14 14 14 14 14 14 14 14 14 16 28 7 7 7 5 6 5 7 6 25 19 14 14 14 14 14 14 14 14 15 6 6 5 7 7 6 5 6
21 21 34 7 5 6 7 5 7 6 23 14 14 14 14 14 14 14 14 14 14 14 14 14 14 14 14 14 14 14 14 14 14 14 14 14 14 14 14 14 14 14 14 14 14 14 14 14 14 14 14 14 14 14 14 14 14 14 14 15 5 7 5 5 6 7 7 7 5 7 6 25 19 14 14 14 14 14 14 14 14 14 14 16 28 7 7 5 6 6 23 14 14 14 14 14 14 14 14 14 14 14 14 14 14 14 14 14 14 14 14 14 14 14 14 14 14 14 14 14 14 15 7 5 6 5 6 6 7 7 5 23 14 14 14 14 14 14 14 14 14 15 6 7 5 6 6 6 6 5
14 14 20 21 34 7 6 7 7 7 23 14 14 14 14 14 14 14 14 14 14 14 14 14 14 14 14 14 14 14 14 14 14 14 14 14 14 14 14 14 14 14 14 14 14 14 14 14 14 14 14 14 14 14 14 14 14 14 16 28 6 5 7 7 7 5 7 5 5 6 7 23 14 14 14 14 14 14 14 14 14 14 16 28 6 6 7 5 5 7 23 14 14 14 14 14 14 14 14 14 14 14 14 14 14 14 14 14 14 14 14 14 14 14 14 14 14 14 14 14 16 28 6 7 5 5 5 5 6 5 25 19 14 14 14 14 14 14 14 14 14 15 5 7 7 7 7 7 7 7
14 14 14 14 20 21 34 5 5 7 23 14 14 14 14 14 14 14 14 14 14 14 14 14 14 14 14 14 14 14 14 14 14 14 14 14 14 14 14 14 14 14 14 14 14 14 14 14 14 14 14 14 14 14 14 14 14 14 15 5 6 6 7 5 7 5 6 6 7 7 25 19 14 14 14 14 14 14 14 14 14 16 28 5 6 7 7 7 7 6 26 17 14 14 14 14 14 14 14 14 14 14 14 14 14 14 14 14 14 14 14 14 14 14 14 14 14 14 14 16 28 6 6 7 7 5 6 7 6 5 23 14 14 14 14 14 14 14 14 14 16 28 7 5 6 6 6 7 7 6
14 14 14 14 14 14 20 34 6 7 23 14 14 14 14 14 14 14 14 14 14 14 14 14 14 14 14 14 14 14 14 14 14 14 14 14 14 14 14 14 14 14 14 14 14 14 14 14 14 14 14 14 14 14 14 14 14 14 15 7 5 7 5 7 5 7 6 5 5 7 23 14 14 14 14 14 14 14 14 14 16 28 7 5 7 6 5 5 6 6 6 23 14 14 14 14 14 14 14 14 14 14 14 14 14 14 14 14 14 14 14 14 14 14 14 14 14 14 14 15 6 6 5 7 6 7 7 7 5 6 23 14 14 14 14 14 14 14 14 14 15 7 6 5 5 6 7 5 6 6
14 14 14 14 14 14 14 20 34 6 26 35 17 14 14 14 14 14 14 14 14 14 14 14 14 14 14 14 14 14 14 14 14 14 14 14 14 14 14 14 14 14 14 14 14 14 14 14 14 14 14 14 14 14 14 14 14 14 15 7 6 7 7 6 7 7 7 5 5 25 19 14 14 14 14 14 14 14 16 35 28 6 6 6 5 7 6 5 7 7 7 26 17 14 14 14 14 14 14 14 14 16 35 35 35 17 14 14 14 14 14 14 14 14 14 14 14 14 16 28 6 7 5 6 7 6 5 7 6 7 23 14 14 14 14 14 14 14 14 16 28 5 5 7 7 6 6 5 7 5
14 14 14 14 14 14 14 14 15 7 6 7 26 17 14 14 14 14 14 14 14 14 14 14 14 14 14 14 14 14 14 14 14 14 14 14 14 14 14 14 14 14 14 14 14 14 14 14 14 14 14 14 14 14 14 14 14 14 15 6 5 7 7 7 6 6 7 25 21 19 14 14 14 14 14 14 16 35 28 5 7 7 7 7 7 5 7 7 5 5 7 7 23 14 14 14 14 14 14 16 35 28 5 5 5 26 17 14 14 14 14 14 14 14 14 14 14 14 15 6 5 5 5 5 7 6 6 5 7 25 19 14 14 14 14 14 14 14 14 15 5 6 5 7 5 5 5 5 6 5
14 14 14 14 14 14 14 14 15 5 5 7 7 26 17 14 14 14 14 14 14 14 14 14 14 14 14 14 14 14 14 14 14 14 14 14 14 14 14 14 14 14 14 14 14 14 14 14 14 14 14 14 14 14 14 14 14 14 15 6 7 6 7 6 6 7 25 19 14 14 14 14 14 14 16 35 28 6 7 5 6 5 6 6 7 6 5 7 5 5 5 6 23 14 14 14 14 14 16 28 5 7 5 7 5 5 23 14 14 14 14 14 14 14 14 14 14 14 15 5 6 5 6 5 7 5 5 5 7 23 14 14 14 14 14 14 14 14 16 28 7 5 5 6 7 5 6 5 7 6
14 14 14 14 14 14 14 14 15 5 6 7 7 5 23 14 14 14 14 14 14 14 14 14 14 14 14 14 14 14 14 14 14 14 14 14 14 14 14 14 14 14 14 14 14 14 14 14 14 14 14 14 14 14 14 14 14 14 20 34 5 7 7 5 5 25 19 14 14 14 14 14 14 14 15 7 7 6 7 6 6 5 5 6 6 7 6 6 5 6 5 6 23 14 14 14 14 14 15 5 7 7 5 7 6 7 26 17 14 14 14 14 14 14 14 14 14 14 15 6 6 6 6 5 7 6 7 7 5 23 14 14 14 14 14 14 14 16 28 5 6 7 7 5 7 5 6 5 7 6
14 14 14 14 14 14 14 14 15 5 7 7 5 5 26 17 14 14 14 14 14 14 14 14 14 14 14 14 14 14 14 14 14 14 14 14 14 14 14 14 14 14 14 14 14 14 14 14 14 14 14 14 14 14 14 14 14 14 14 15 6 6 5 6 25 19 14 14 14 14 14 14 14 14 15 6 7 6 7 7 6 5 7 7 5 6 5 5 7 7 5 25 19 14 14 14 14 14 15 5 6 6 6 7 7 5 7 23 14 14 14 14 14 14 14 14 14 14 20 34 6 7 6 7 5 6 6 6 25 19 14 14 14 14 14 14 14 15 6 7 6 7 7 6 5 7 6 7 6 5
14 14 14 14 14 14 14 14 15 7 7 6 6 7 25 19 14 14 14 14 14 14 14 14 14 14 14 14 14 14 14 14 14 14 14 14 14 14 14 14 14 14 14 14 14 14 14 14 16 35 35 35 17 14 14 14 14 14 14 20 34 7 6 7 23 14 14 14 14 14 14 14 14 14 20 34 7 5 7 7 5 7 7 5 6 6 7 6 6 6 6 23 14 14 14 14 14 14 20 34 5 6 7 7 6 5 25 19 14 14 14 14 14 14 14 14 14 14 14 20 34 7 7 6 7 5 6 5 23 14 14 14 14 14 14 14 14 15 5 7 5 5 7 7 7 6 6 7 5 7
14 14 14 14 14 14 14 14 15 5 5 6 5 25 19 14 14 14 14 14 14 14 14 14 14 14 14 14 14 14 14 16 35 17 14 14 14 14 14 14 14 14 14 14 14 14 16 35 28 7 7 5 26 17 14 14 14 14 14 14 15 7 5 25 19 14 14 14 14 14 14 14 14 14 14 15 7 6 7 7 7 7 5 5 7 5 7 5 6 7 25 19 14 14 14 14 14 14 14 15 6 7 7 7 7 5 23 14 14 14 14 14 14 14 14 14 14 14 14 14 20 34 6 7 5 6 6 25 19 14 14 14 14 14 14 14 14 15 6 7 5 7 6 6 7 6 6 5 6 7
14 14 14 14 14 14 14 14 15 7 7 5 25 19 14 14 14 14 14 14 14 14 14 14 14 14 14 14 14 14 16 28 7 26 35 17 14 14 14 14 14 14 14 14 14 16 28 5 6 6 6 6 7 23 14 14 14 14 14 14 15 6 6 23 14 14 14 14 14 14 14 14 14 14 14 20 34 6 7 5 6 5 6 5 5 7 6 7 7 6 23 14 14 14 14 14 14 14 14 20 34 6 6 5 6 25 19 14 14 14 14 14 14 14 14 14 14 14 14 14 14 20 21 34 7 7 25 19 14 14 14 14 14 14 14 14 14 15 7 5 6 7 5 7 5 5 5 7 6 5
14 14 14 14 14 14 14 14 20 34 6 25 19 14 14 14 14 14 14 14 14 14 14 14 14 14 14 14 14 16 28 6 7 7 6 26 17 14 14 14 14 14 14 14 16 28 7 6 6 5 6 6 7 26 17 14 14 14 14 14 20 34 7 23 14 14 14 14 14 14 14 14 14 14 14 14 20 34 7 6 5 5 5 6 7 5 5 6 5 25 19 14 14 14 14 14 14 14 14 14 20 34 5 7 25 19 14 14 14 14 14 14 14 14 14 14 14 14 14 14 14 14 14 20 21 21 19 14 14 14 14 14 14 14 14 14 14 15 7 7 7 6 6 7 5 6 5 7 6 6
17 14 14 14 14 14 14 14 14 20 21 19 14 14 14 14 14 14 14 14 14 14 14 14 14 14 14 14 16 28 5 5 5 6 6 7 26 35 17 14 14 14 14 16 28 5 7 7 7 6 5 7 7 25 19 14 14 14 14 14 14 20 21 19 14 14 14 14 14 14 14 14 14 14 14 14 14 15 6 7 6 7 5 5 7 6 6 5 25 19 14 14 14 14 14 14 14 14 14 14 14 20 21 21 19 14 14 14 14 14 14 14 14 14 14 14 14 14 14 14 14 14 14 14 14 14 14 14 14 14 14 14 14 14 14 14 14 20 34 6 5 7 5 5 6 6 5 5 7 5
26 17 14 14 14 14 14 14 14 14 14 14 14 14 14 14 14 14 14 14 14 14 14 14 14 14 14 16 28 6 6 5 7 6 5 5 7 6 26 17 14 14 16 28 6 6 5 7 6 6 7 7 5 23 14 14 14 14 14 14 14 14 14 14 14 14 14 14 14 14 14 14 14 14 14 14 14 20 34 5 5 6 7 6 7 6 5 5 23 14 14 14 14 14 14 14 14 14 14 14 14 14 14 14 14 14 14 14 14 14 14 14 14 14 14 14 14 14 14 14 14 14 14 14 14 14 14 14 14 14 14 14 14 14 14 14 14 14 15 5 7 5 6 7 6 5 5 7 6 25
6 26 35 17 14 14 14 14 14 14 14 14 14 14 14 14 14 14 14 14 14 14 14 14 14 14 14 15 7 6 6 5 6 6 5 6 6 5 5 23 14 14 15 6 6 7 5 5 7 6 7 6 25 19 14 14 14 14 14 14 14 14 14 14 14 14 14 14 14 14 14 14 14 14 14 14 14 14 20 34 7 6 5 6 5 7 5 25 19 14 14 14 14 14 14 14 14 14 14 14 14 14 14 14 14 14 14 14 14 14 14 14 14 14 14 14 14 14 14 14 14 14 14 14 14 14 14 14 14 14 14 14 14 14 14 14 14 14 15 7 7 6 6 7 5 7 6 7 5 23
5 6 5 23 14 14 14 14 14 14 14 14 14 14 14 14 14 14 14 14 14 14 14 14 14 14 14 15 5 5 6 6 5 5 7 6 5 6 6 23 14 14 20 34 5 6 7 6 7 6 5 25 19 14 14 14 14 14 14 14 14 14 14 14 14 14 14 14 14 14 14 14 14 14 14 14 14 14 14 20 34 5 6 5 7 6 7 23 14 14 14 14 14 14 14 14 14 14 14 14 14 14 14 14 14 14 14 14 14 14 14 14 14 14 14 14 14 14 14 14 14 14 14 14 14 14 14 14 14 14 14 14 14 14 14 14 14 14 15 6 7 6 5 5 6 5 7 6 5 23
5 7 6 23 14 14 14 14 14 14 14 14 14 14 14 14 14 14 14 14 14 14 14 14 14 14 14 20 34 6 5 6 6 7 7 5 5 5 25 19 14 14 14 20 21 34 7 6 6 25 21 19 14 14 14 14 14 14 14 14 14 14 14 14 14 14 14 14 14 14 14 14 14 14 14 14 14 14 14 14 15 7 7 6 7 6 7 23 14 14 14 14 14 14 14 14 14 14 14 14 14 14 14 14 14 14 14 14 14 14 14 14 14 14 14 14 14 14 14 14 14 14 14 14 14 14 14 14 14 14 14 14 14 14 14 14 14 16 28 6 7 7 7 7 5 5 5 5 7 23
6 6 5 23 14 14 14 14 14 14 14 14 14 14 14 14 14 14 14 14 14 14 14 14 14 14 14 14 20 34 5 5 6 5 6 6 7 6 23 14 14 14 14 14 14 20 21 21 21 19 14 14 14 14 14 14 14 14 14 14 14 14 14 14 14 14 14 14 14 14 14 14 14 14 14 14 14 14 14 14 20 34 7 5 7 6 6 23 14 14 14 14 14 14 14 14 14 14 14 14 14 14 14 14 14 14 14 14 14 14 14 14 14 14 14 14 14 14 14 14 14 14 14 14 14 14 14 14 14 14 14 14 14 14 14 14 14 15 7 7 5 5 5 6 7 6 6 6 6 23
7 7 7 23 14 14 14 14 14 14 14 14 14 14 14 14 14 14 14 14 14 14 14 14 14 14 14 14 14 20 34 5 7 5 6 6 6 25 19 14 14 14 14 14 14 14 14 14 14 14 14 14 14 14 14 14 14 14 14 14 14 14 14 14 14 14 14 14 14 14 14 14 14 14 14 14 14 14 14 14 14 15 6 6 7 5 5 23 14 14 14 14 14 14 14 14 14 14 14 14 14 14 14 14 14 14 14 14 14 14 14 14 14 14 14 14 14 14 14 14 14 14 14 14 14 14 14 14 14 14 14 14 14 14 14 14 14 15 5 7 7 7 5 5 5 7 5 6 5 26
6 5 25 19 14 14 14 14 14 14 14 14 14 14 14 14 14 14 14 14 14 14 14 14 14 14 14 14 14 14 20 34 7 7 7 5 25 19 14 14 14 14 14 14 14 14 14 14 14 14 14 14 14 14 14 14 14 14 14 14 14 14 14 14 14 14 14 14 14 14 14 14 14 14 14 14 14 14 14 14 14 15 5 6 7 5 7 23 14 14 14 14 14 14 14 14 14 14 14 14 14 14 14 14 14 14 14 14 14 14 14 14 14 14 14 14 14 14 14 14 14 14 14 14 14 14 14 14 14 14 14 14 14 14 14 14 14 15 7 6 5 7 5 7 7 7 6 6 6 5
5 5 23 14 14 14 14 14 14 14 14 14 14 14 14 14 14 14 14 14 14 14 14 14 14 14 14 14 14 14 14 20 34 5 6 7 23 14 14 14 14 14 14 14 14 14 14 14 14 14 14 14 14 14 14 14 14 14 14 14 14 14 14 14 14 14 14 14 14 14 14 14 14 14 14 14 14 14 14 14 14 15 6 6 5 5 7 23 14 14 14 14 14 14 14 14 14 14 14 14 14 14 14 14 14 14 14 14 14 14 14 14 14 14 14 14 14 14 14 14 14 14 14 14 14 14 14 14 14 14 14 14 14 14 14 14 16 28 5 7 7 5 7 5 7 5 7 5 7 5
5 25 19 14 14 14 14 14 14 14 14 14 14 14 14 14 14 14 14 14 14 14 14 14 14 14 14 14 14 14 14 14 20 34 7 6 23 14 14 14 14 14 14 14 14 14 14 14 14 14 14 14 14 14 14 14 14 14 14 14 14 14 14 14 14 14 14 14 14 14 14 14 14 14 14 14 14 14 14 14 14 15 6 6 7 5 5 26 17 14 14 14 14 14 14 14 14 14 14 14 14 14 14 14 14 14 14 14 14 16 35 35 35 35 35 17 14 14 14 14 14 14 14 14 14 14 14 14 14 14 14 14 14 14 14 14 15 5 5 5 6 7 6 7 6 7 5 7 5 6
25 19 14 14 14 14 14 14 14 14 14 14 14 14 14 14 14 14 14 14 14 14 14 14 14 14 14 14 14 14 14 14 14 15 6 6 23 14 14 14 14 14 14 14 14 14 14 14 14 14 14 14 14 14 14 14 14 14 14 14 14 14 14 14 14 14 14 14 14 14 14 14 14 14 14 14 14 14 14 14 16 28 6 5 6 7 5 6 23 14 14 14 14 14 14 14 14 14 14 14 14 14 14 14 14 14 14 14 16 28 6 7 6 6 6 26 35 17 14 14 14 14 14 14 14 14 14 14 14 14 14 14 14 14 14 16 28 6 7 7 5 7 6 7 7 6 6 5 5 6
19 14 14 14 14 14 14 14 14 14 14 14 14 14 14 14 14 16 35 35 17 14 14 14 14 14 14 14 14 14 14 14 14 15 7 7 26 17 14 14 14 14 14 14 14 14 14 14 14 14 14 14 14 14 14 14 14 14 14 14 14 14 14 14 14 14 14 14 14 14 14 14 14 14 14 14 14 14 14 16 28 7 6 6 7 7 5 6 26 17 14 14 14 14 14 14 14 14 14 14 14 14 14 14 14 14 14 16 28 6 6 7 6 5 5 6 7 26 17 14 14 14 14 14 14 14 14 14 14 14 14 14 14 14 14 15 7 7 7 5 5 7 5 6 5 5 5 6 5 5
14 14 14 14 14 14 14 14 14 14 14 14 14 14 14 14 16 28 7 6 26 35 17 14 14 14 14 14 14 14 14 14 16 28 6 7 7 26 35 17 14 14 14 14 14 14 14 14 14 14 14 14 14 14 14 14 14 14 14 14 14 14 14 14 14 14 14 14 14 14 14 14 14 14 14 14 14 14 16 28 7 7 5 5 6 7 6 5 7 23 14 14 14 14 14 14 14 14 14 14 14 14 14 14 14 14 14 15 7 6 7 6 6 7 6 6 5 7 26 17 14 14 14 14 14 14 14 14 14 14 14 14 14 14 14 20 34 5 7 5 5 6 6 6 7 5 7 7 5 6
14 14 14 14 14 14 14 14 14 14 14 14 14 14 14 16 28 7 6 7 5 6 26 17 14 14 14 14 14 14 16 35 28 7 5 6 5 5 6 26 35 17 14 14 14 14 14 14 14 14 14 14 14 14 14 14 14 14 14 14 14 14 14 14 14 14 14 14 14 14 14 14 14 14 14 14 14 16 28 5 6 6 7 7 7 5 5 5 7 26 17 14 14 14 14 14 14 14 14 14 14 14 14 14 14 14 16 28 5 7 7 5 7 7 6 5 7 5 7 26 17 14 14 14 14 14 14 14 14 14 14 14 14 14 14 14 20 34 7 6 6 6 6 7 6 6 6 5 6 5
14 14 14 14 14 14 14 14 14 14 14 14 14 14 16 28 6 7 7 7 6 5 7 26 17 14 14 14 14 16 28 5 6 7 7 7 5 5 7 5 5 26 35 35 35 17 14 14 14 14 14 14 16 35 35 35 35 35 35 35 35 17 14 14 14 14 14 14 14 14 14 14 14 14 14 16 35 28 6 7 7 6 5 6 5 7 7 6 5 5 23 14 14 14 14 14 14 14 14 14 14 14 14 14 14 14 15 5 6 6 5 5 6 5 7 7 7 6 5 5 26 17 14 14 14 14 14 14 14 14 14 14 14 14 14 14 14 20 34 7 6 5 7 7 7 7 5 6 5 6
14 14 14 14 14 14 14 14 14 14 14 14 14 16 28 7 6 7 6 7 5 6 7 5 26 35 35 35 35 28 5 7 5 7 5 7 7 5 6 5 6 7 6 5 6 26 35 35 35 35 35 35 28 5 6 6 6 5 6 7 7 26 35 35 17 14 14 14 14 14 14 14 14 16 35 28 6 7 5 7 5 7 5 7 7 5 7 6 5 6 23 14 14 14 14 14 14 14 14 14 14 14 14 14 14 14 15 7 5 5 5 5 6 6 7 7 6 6 7 5 5 23 14 14 14 14 14 14 14 14 14 14 14 14 14 14 14 14 20 34 6 5 6 7 6 5 7 7 6 5
14 14 14 14 14 14 14 14 14 14 14 14 16 28 5 7 7 5 5 6 6 7 6 6 5 6 7 7 7 5 5 7 7 6 7 6 7 5 7 5 7 7 7 7 5 5 6 5 7 7 6 5 7 5 5 6 5 6 7 6 7 6 6 5 26 35 35 35 35 35 35 35 35 28 7 6 5 7 5 7 6 5 7 5 7 7 6 7 7 5 26 17 14 14 14 14 14 14 14 14 14 14 14 14 14 14 15 5 7 6 6 5 7 7 6 7 5 6 7 7 6 23 14 14 14 14 14 14 14 14 14 14 14 14 14 14 14 14 14 15 7 5 5 7 6 5 6 7 5 25
14 14 14 14 14 14 14 14 14 14 14 14 15 6 6 7 5 5 5 5 5 5 6 6 7 6 5 6 5 5 6 7 6 5 6 6 7 6 7 7 5 7 7 6 5 7 7 6 7 7 7 5 7 6 7 5 7 5 7 6 5 6 6 7 7 7 7 6 7 5 5 7 6 5 7 7 6 7 6 5 7 6 7 5 6 5 7 6 5 7 7 23 14 14 14 14 14 14 14 14 14 14 14 14 14 14 20 34 5 5 7 5 6 7 5 5 6 5 6 5 25 19 14 14 14 14 14 14 14 14 14 14 14 14 14 14 14 14 14 20 34 6 5 6 6 5 7 5 25 19
14 14 14 14 14 14 14 14 14 14 14 14 15 5 7 5 5 6 5 6 7 5 7 6 5 6 5 6 7 7 6 6 7 7 6 6 5 5 7 6 7 6 7 5 7 7 7 7 5 7 7 7 5 6 7 7 7 6 5 7 5 7 6 7 7 5 6 6 6 6 5 7 5 5 6 6 5 6 5 5 6 5 6 7 5 6 5 7 6 5 7 26 17 14 14 14 14 14 14 14 14 14 14 14 14 14 14 15 5 6 5 5 6 6 7 6 5 5 5 25 19 14 14 14 14 14 14 14 14 14 14 14 14 14 14 14 14 14 14 14 15 5 7 6 7 7 25 21 19 14
14 14 14 14 14 14 14 14 14 14 14 16 28 6 5 7 5 6 5 6 5 5 5 6 5 5 5 6 7 5 6 7 5 7 6 6 7 5 6 7 7 5 5 5 5 7 7 7 5 6 5 5 7 7 6 6 6 7 5 5 7 7 6 5 7 7 5 6 6 5 6 6 7 6 5 7 7 7 5 7 6 5 7 5 6 7 6 6 6 5 7 7 26 17 14 14 14 14 14 14 14 14 14 14 14 14 14 20 34 7 7 6 6 6 7 7 5 5 7 23 14 14 14 14 14 14 14 14 14 14 14 14 14 14 14 14 14 14 14 14 20 21 21 21 21 21 19 14 14 14
14 14 14 14 14 14 14 14 14 14 14 15 6 5 7 6 5 5 6 6 5 7 7 7 5 5 5 7 7 7 7 5 6 7 5 6 5 5 6 5 6 7 5 5 7 7 7 5 7 6 7 6 6 5 6 6 5 6 7 5 6 6 7 7 6 6 5 6 5 5 5 7 5 5 7 6 7 5 7 6 6 6 6 7 5 6 5 5 5 7 6 6 5 23 14 14 14 14 14 14 14 14 14 14 14 14 14 14 15 5 5 5 7 5 6 7 6 7 5 23 14 14 14 14 14 14 14 14 14 14 14 14 14 14 14 14 14 14 14 14 14 14 14 14 14 14 14 14 14 14
14 14 14 14 14 14 14 14 14 14 14 20 34 5 7 6 6 6 5 5 5 5 6 7 6 6 6 7 7 6 6 5 6 7 5 7 6 7 7 6 6 5 7 5 7 5 7 5 6 5 6 6 5 7 7 7 5 5 5 6 7 7 7 6 6 6 5 7 7 5 7 6 7 5 5 7 7 6 7 6 5 6 6 5 6 6 7 5 6 6 5 7 7 26 17 14 14 14 14 14 14 14 14 14 14 14 14 14 20 34 5 7 5 7 6 6 5 5 6 23 14 14 14 14 14 14 14 14 14 14 14 14 14 14 14 14 14 14 14 14 14 14 14 14 14 14 14 14 14 14
14 14 14 14 14 14 14 14 14 14 14 14 15 6 6 7 5 7 6 7 7 6 7 5 5 6 7 25 21 21 21 21 34 7 6 6 5 7 7 7 6 6 7 6 5 7 6 7 5 5 5 7 7 7 7 5 5 5 6 6 5 7 6 6 5 7 7 6 7 6 5 6 6 5 6 6 7 5 7 7 6 7 6 5 5 6 5 5 5 6 5 6 6 7 23 14 14 14 14 14 14 14 14 14 14 14 14 14 14 20 34 6 5 6 6 6 5 5 25 19 14 14 14 14 14 14 14 14 14 14 14 14 14 16 35 35 35 35 17 14 14 14 14 14 14 14 14 14 14 14
14 14 14 14 14 14 14 14 14 14 14 14 20 34 7 6 6 7 7 6 5 5 6 7 5 5 25 19 14 14 14 14 20 34 6 6 6 5 6 5 7 6 6 7 7 7 6 5 7 7 25 21 21 21 21 21 21 34 7 5 7 5 6 7 5 6 7 6 7 5 5 7 7 7 6 7 5 6 5 6 5 7 5 5 6 5 6 5 5 6 6 7 5 7 23 14 14 14 14 14 14 14 14 14 14 14 14 14 14 14 15 6 5 6 7 6 7 7 23 14 14 14 14 14 14 14 14 14 14 14 14 16 35 28 7 5 5 5 23 14 14 14 14 14 14 14 14 14 14 14
14 14 14 14 14 14 14 14 14 14 14 14 14 20 34 5 7 7 7 5 5 6 7 6 5 25 19 14 14 14 14 14 14 15 7 6 7 6 7 7 7 6 5 5 5 7 5 5 25 21 19 14 14 14 14 14 14 20 34 7 7 5 6 7 5 6 6 7 6 6 5 6 6 7 7 7 5 6 6 5 5 7 6 7 6 7 7 5 5 7 5 5 5 6 23 14 14 14 14 14 14 14 14 14 14 14 14 14 14 14 15 5 7 5 5 6 5 6 23 14 14 14 14 14 14 14 14 14 14 14 16 28 6 5 5 5 5 5 23 14 14 14 14 14 14 14 14 14 14 14
14 14 14 14 14 14 14 14 14 14 14 14 14 14 20 34 7 6 7 7 7 6 6 6 6 23 14 14 14 14 14 14 14 20 34 6 7 5 5 6 6 7 6 7 6 7 6 25 19 14 14 14 14 14 14 14 14 14 20 34 7 7 5 5 6 5 7 7 5 5 7 7 6 6 5 6 6 6 5 6 5 6 7 5 7 6 7 5 5 5 7 5 6 5 23 14 14 14 14 14 14 14 14 14 14 14 14 14 14 14 15 7 6 7 5 7 7 6 23 14 14 14 14 14 14 14 14 14 14 14 15 6 5 6 6 5 7 6 23 14 14 14 14 14 14 14 14 14 14 14
14 14 14 14 14 14 14 14 14 14 14 14 14 14 14 15 5 5 6 5 7 7 6 6 7 23 14 14 14 14 14 14 14 14 15 5 5 5 6 5 6 6 5 5 5 6 25 19 14 14 14 14 14 14 14 14 14 14 14 20 34 7 7 7 5 5 7 6 5 6 6 6 7 7 6 6 6 5 6 7 7 7 5 6 5 6 7 7 6 5 6 6 7 25 19 14 14 14 14 14 14 14 14 14 14 14 14 14 14 14 15 6 7 6 5 5 5 5 26 17 14 14 14 14 14 14 14 14 14 14 15 7 7 6 7 7 7 6 23 14 14 14 14 14 14 14 14 14 14 14
14 14 14 14 14 14 14 14 14 14 14 14 14 14 14 15 6 6 7 6 6 7 5 7 6 26 17 14 14 14 14 14 14 14 15 7 5 6 6 7 5 5 5 7 5 25 19 14 14 14 14 14 14 14 14 14 14 14 14 14 15 7 6 6 7 5 7 5 7 7 5 6 7 5 6 7 25 21 21 21 21 21 21 34 5 5 5 6 7 5 6 6 25 19 14 14 14 14 14 14 14 14 14 14 14 14 14 14 14 16 28 5 5 5 5 6 6 7 7 23 14 14 14 14 14 14 14 14 14 16 28 7 5 7 5 5 5 25 19 14 14 14 14 14 14 14 14 14 14 14
14 14 14 14 14 14 14 14 14 14 14 14 14 14 14 15 6 7 5 7 5 6 7 5 6 6 26 17 14 14 14 14 14 14 15 6 6 7 5 6 5 7 6 6 25 19 14 14 14 14 14 14 14 14 14 14 14 14 14 14 15 7 7 5 6 6 5 5 5 7 7 6 7 6 5 25 19 14 14 14 14 14 14 20 21 34 5 5 5 6 25 21 19 14 14 14 14 14 14 14 14 14 14 14 14 14 14 14 16 28 6 7 6 5 7 6 7 6 6 26 17 14 14 14 14 14 14 14 14 15 5 6 7 6 5 6 25 19 14 14 14 14 14 14 14 14 14 14 14 14
14 14 14 14 14 14 14 14 14 14 14 14 14 14 16 28 7 7 5 5 6 5 5 6 7 7 5 26 17 14 14 14 14 16 28 6 7 7 7 7 7 6 5 25 19 14 14 14 14 14 14 14 14 14 14 14 14 14 14 14 15 7 5 7 6 7 6 5 5 7 7 7 7 6 25 19 14 14 14 14 14 14 14 14 14 20 21 21 21 21 19 14 14 14 14 14 14 14 14 14 14 14 14 14 14 14 14 16 28 5 5 6 7 6 5 5 5 5 7 5 26 17 14 14 14 14 14 14 14 15 6 5 6 6 7 25 19 14 14 14 14 14 14 14 14 14 14 14 14 14
14 14 14 14 14 14 14 14 14 14 14 14 14 16 28 6 5 6 6 5 7 7 6 6 7 7 5 7 26 35 17 14 16 28 6 5 7 6 6 5 6 7 25 19 14 14 14 14 14 14 14 14 14 14 14 14 14 14 14 14 15 5 6 6 7 6 5 5 7 5 6 7 5 25 19 14 14 14 14 14 14 14 14 14 14 14 14 14 14 14 14 14 14 14 14 14 14 14 14 14 14 14 14 14 14 16 35 28 6 6 6 7 6 5 5 5 5 5 5 7 5 23 14 14 14 14 14 14 14 15 7 7 7 7 7 23 14 14 14 14 14 14 14 14 14 14 14 14 14 14
14 14 14 14 14 14 14 14 14 14 14 14 14 15 7 6 7 7 7 6 7 7 5 5 7 6 6 7 6 7 26 35 28 7 7 7 7 5 7 6 25 21 19 14 14 14 14 14 14 14 14 14 14 14 14 14 14 14 14 14 15 7 6 5 7 7 5 7 6 5 7 5 6 23 14 14 14 14 14 14 14 14 14 14 14 14 14 14 14 14 14 14 14 14 14 14 14 14 14 14 14 14 14 14 16 28 6 5 6 6 6 5 6 6 7 7 7 7 6 5 5 26 35 17 14 14 14 14 16 28 6 7 6 7 7 23 14 14 14 14 14 14 14 14 14 14 14 14 14 14
14 14 14 14 14 14 14 14 14 14 14 14 14 15 5 6 5 6 5 7 5 6 6 7 6 5 6 5 6 7 6 7 6 5 6 5 7 7 25 21 19 14 14 14 14 14 14 14 14 14 14 14 14 14 14 14 14 14 14 14 20 34 6 5 7 7 5 7 7 5 5 6 6 23 14 14 14 14 14 14 14 14 14 14 14 14 14 14 14 14 14 14 14 14 14 14 14 14 14 14 14 14 14 14 15 5 7 5 7 5 7 7 6 6 6 5 6 5 5 6 5 6 7 26 35 35 35 35 28 7 5 6 6 6 7 23 14 14 14 14 14 14 14 14 14 14 14 14 14 14
14 14 14 14 14 14 14 14 14 14 14 14 14 20 34 7 6 7 7 5 6 7 7 6 7 5 7 6 5 25 21 21 21 21 21 21 21 21 19 14 14 14 14 14 14 14 14 14 14 14 14 14 14 14 14 14 14 14 14 14 14 15 6 6 6 7 7 5 5 5 6 6 6 23 14 14 14 14 14 14 14 14 14 14 14 14 14 14 14 14 14 14 14 14 14 14 14 14 14 14 14 14 14 14 15 6 5 6 5 5 6 6 5 7 6 6 5 5 5 7 7 6 5 5 5 5 5 5 7 6 6 7 5 7 7 26 35 17 14 14 14 14 14 14 14 14 14 14 14 14
14 14 14 14 14 14 14 14 14 14 14 14 14 14 20 34 5 7 6 5 6 6 5 6 6 6 5 25 21 19 14 14 14 14 14 14 14 14 14 14 14 14 14 14 14 14 14 14 14 14 14 14 14 14 14 14 14 14 14 14 14 20 34 6 7 5 6 7 7 7 7 6 6 26 35 17 14 14 14 14 14 14 14 14 14 14 14 14 14 14 14 14 14 14 14 14 14 14 14 14 14 14 14 14 20 21 34 7 5 7 5 6 5 6 5 6 6 7 6 7 5 7 7 5 5 7 6 5 5 7 6 5 7 7 5 7 7 26 35 17 14 14 14 14 14 14 14 14 14 14
14 14 14 14 14 14 14 14 14 14 14 14 14 14 14 20 34 7 6 6 6 7 7 5 25 21 21 19 14 14 14 14 14 14 14 14 14 14 14 14 14 14 14 14 14 14 14 14 14 14 14 14 14 14 14 14 14 14 14 14 14 14 20 34 5 7 6 6 5 7 5 7 6 5 5 26 35 35 35 35 35 35 17 14 14 14 14 14 14 14 14 14 14 14 14 14 14 14 14 14 14 14 14 14 14 14 20 21 21 21 34 6 5 7 7 6 5 6 7 5 6 5 7 6 7 7 5 7 6 5 5 6 5 5 7 5 6 6 7 26 35 35 17 14 14 14 14 16 35 35
14 14 14 14 14 14 14 14 14 14 14 14 14 14 14 14 20 21 34 5 5 25 21 21 19 14 14 14 14 14 14 14 14 14 14 14 14 14 14 14 14 14 14 14 14 14 14 14 14 14 14 14 14 14 14 14 14 14 14 14 14 14 14 20 34 5 5 6 5 6 7 6 5 5 6 7 6 5 5 5 6 7 26 35 35 17 14 14 14 14 14 14 14 14 14 14 14 14 14 14 14 14 14 14 14 14 14 14 14 14 20 21 34 6 6 5 6 6 6 7 6 5 6 5 6 5 7 7 6 7 6 6 6 5 5 5 5 5 5 5 6 5 26 35 35 35 35 28 7 6
14 14 14 14 14 14 14 14 14 14 14 14 14 14 14 14 14 14 20 21 21 19 14 14 14 14 14 14 14 14 14 14 14 14 14 14 14 14 14 14 14 14 14 14 14 14 14 14 14 14 14 14 14 14 14 14 14 14 14 14 14 14 14 14 15 5 6 7 7 7 6 6 6 6 7 7 7 7 6 7 5 5 6 7 7 26 17 14 14 14 14 14 14 14 14 14 14 14 14 14 14 14 14 14 14 14 14 14 14 14 14 14 20 21 34 6 6 5 7 6 5 5 5 6 7 7 6 6 6 5 7 7 7 7 7 6 6 7 5 5 7 7 7 6 6 5 6 7 5 7
14 14 14 14 14 14 14 14 14 14 14 14 14 14 14 14 14 14 14 14 14 14 14 14 14 14 14 14 14 14 14 14 14 14 14 14 14 14 14 14 14 14 14 14 14 14 14 14 14 14 14 14 14 14 14 14 14 14 14 14 14 14 14 14 20 34 5 6 6 7 6 7 6 5 7 7 5 5 5 6 5 7 6 5 6 7 26 17 14 14 14 14 14 14 14 14 14 14 14 14 14 14 14 14 14 14 14 14 14 14 14 14 14 14 20 34 6 5 5 6 6 7 6 6 7 5 5 6 6 5 6 5 7 5 7 7 7 5 6 5 5 5 6 5 5 6 6 6 6 5
14 14 14 14 14 14 14 14 14 14 14 14 14 14 14 14 14 14 14 14 14 14 14 14 14 14 14 14 14 14 14 14 14 14 14 14 14 14 14 14 14 14 14 14 14 14 14 14 14 14 14 14 14 14 14 14 14 14 14 14 14 14 14 14 14 15 6 6 6 5 6 5 5 5 6 6 6 7 7 5 7 6 6 7 6 7 6 26 17 14 14 14 14 14 14 14 14 14 14 14 14 14 14 14 14 14 14 14 14 14 14 14 14 14 14 15 6 5 6 6 5 5 7 7 5 5 7 5 6 6 6 5 6 7 7 7 7 6 5 7 5 7 6 6 7 6 7 6 7 6
14 14 14 14 14 14 14 14 14 14 14 14 14 14 14 14 14 14 14 14 14 14 14 14 14 14 14 14 14 14 14 14 14 14 14 14 14 14 14 14 14 14 14 14 14 14 14 14 14 14 14 14 14 14 14 14 14 14 14 14 14 14 14 14 14 15 6 7 7 7 5 5 7 5 7 6 5 5 7 6 6 6 7 5 5 6 6 6 26 17 14 14 14 14 14 14 14 14 14 14 14 14 14 14 14 14 14 14 14 14 14 14 14 14 14 20 34 5 7 7 6 6 5 7 5 6 6 7 7 7 6 7 7 7 6 5 7 5 6 7 7 6 7 7 7 7 7 7 7 6
14 16 35 35 17 14 14 14 14 14 14 14 14 14 14 14 14 14 14 14 14 14 14 14 14 14 14 14 14 14 14 14 14 14 14 14 14 14 14 14 14 14 14 14 14 14 14 14 14 14 14 14 14 14 14 14 14 14 14 14 14 14 14 14 14 15 21 21 21 21 21 21 34 5 7 7 5 5 5 7 5 7 6 7 7 5 7 5 7 26 17 14 14 14 14 14 14 14 14 14 14 14 14 14 14 14 14 14 14 14 14 14 14 14 14 14 20 34 6 7 7 5 7 5 7 5 7 7 6 5 7 7 5 6 7 6 7 7 5 6 6 6 5 5 6 6 7 6 5 7
16 28 7 5 26 35 17 14 14 14 14 14 14 14 14 14 14 14 14 14 14 14 14 14 14 14 14 14 14 14 14 14 14 14 14 14 14 14 14 14 14 14 14 14 14 14 14 14 14 14 14 14 14 14 14 14 14 14 14 14 14 14 14 16 35 23 14 14 14 14 14 14 20 34 7 7 5 5 6 6 7 6 6 7 7 6 7 6 7 5 23 14 14 14 14 14 14 14 14 14 14 14 14 14 14 14 14 14 14 14 14 14 14 14 14 14 14 20 34 7 5 7 5 5 7 6 7 5 7 5 7 7 6 7 7 6 6 7 7 5 7 5 7 6 6 6 7 7 5 7
28 7 6 7 7 5 26 17 14 14 14 14 14 14 14 14 14 16 35 17 14 14 14 14 14 14 14 14 14 14 14 14 14 14 14 16 35 35 35 35 17 14 14 14 14 14 14 14 14 14 14 14 14 14 14 14 14 14 14 14 14 14 16 28 7 23 14 14 14 14 14 14 14 20 21 34 5 6 7 7 5 7 6 6 5 7 7 5 6 6 23 14 14 14 14 14 14 14 14 14 14 14 14 14 14 14 14 14 14 14 14 14 14 14 14 14 14 14 20 34 6 7 5 5 7 6 5 7 25 21 21 21 21 21 21 34 5 5 5 7 7 7 6 5 5 5 5 6 6 5
5 6 7 5 5 6 7 26 17 14 14 14 14 14 14 16 35 28 5 26 35 35 17 14 14 14 14 14 14 14 14 14 16 35 35 28 7 5 6 6 26 35 35 17 14 14 14 14 14 14 14 14 14 14 14 14 14 14 14 14 14 16 28 5 7 23 14 14 14 14 14 14 14 14 14 20 34 6 6 6 6 7 7 6 5 7 6 6 7 7 23 14 14 14 14 14 14 14 14 14 16 35 35 35 17 14 14 14 14 14 14 14 14 14 14 14 14 14 14 20 21 21 21 21 21 21 21 21 19 14 14 14 14 14 14 20 21 21 34 6 5 6 6 5 5 7 7 7 5 7
5 6 5 5 5 5 6 7 26 17 14 14 14 16 35 28 5 5 6 5 7 7 26 35 35 35 35 35 35 35 35 35 28 7 6 7 5 6 7 5 7 7 7 26 17 14 14 14 14 14 14 14 14 14 14 14 14 14 14 14 16 28 6 7 5 26 17 14 14 14 14 14 14 14 14 14 20 34 6 5 7 5 5 7 7 7 6 7 6 25 19 14 14 14 14 14 14 14 14 16 28 6 5 6 26 35 17 14 14 14 14 14 14 14 14 14 14 14 14 14 14 14 14 14 14 14 14 14 14 14 14 14 14 14 14 14 14 14 20 21 34 6 5 5 6 7 7 7 7 5
6 6 7 5 5 7 7 6 5 26 35 35 35 28 6 5 7 6 6 7 7 7 6 7 7 7 7 7 6 5 5 7 7 5 6 6 5 6 6 6 5 7 7 7 26 35 17 14 14 14 14 14 14 14 14 14 14 14 14 16 28 7 7 6 6 6 23 14 14 14 14 14 14 14 14 14 14 20 34 5 5 5 6 6 6 7 7 7 7 23 14 14 14 14 14 14 14 14 16 28 6 6 7 5 5 5 26 35 17 14 14 14 14 14 14 14 14 14 14 14 14 14 14 14 14 14 14 14 14 14 14 14 14 14 14 14 14 14 14 14 20 34 6 6 5 5 5 6 7 6
6 6 7 5 6 7 5 5 6 7 7 6 5 6 7 7 5 7 5 7 6 5 5 5 6 7 5 7 5 6 5 5 5 5 5 6 7 5 7 7 6 6 5 5 6 7 26 35 17 14 14 14 14 14 14 14 14 14 16 28 6 6 7 6 7 7 23 14 14 14 14 14 14 14 14 14 14 14 20 34 6 6 7 7 6 7 7 6 25 19 14 14 14 14 14 14 14 14 15 6 6 7 5 7 6 6 7 6 26 35 17 14 14 14 14 14 14 14 14 14 14 14 14 14 14 14 14 14 14 14 14 14 14 14 14 14 14 14 14 14 14 20 34 6 6 6 7 7 5 6
6 7 7 5 6 6 5 7 5 7 6 6 5 7 6 6 7 5 6 6 7 5 6 5 6 7 7 5 6 6 5 6 6 6 7 5 6 5 5 7 7 5 7 6 6 7 6 6 26 17 14 14 14 14 14 14 14 16 28 5 6 5 7 6 5 5 23 14 14 14 14 14 14 14 14 14 14 14 14 15 6 5 7 6 7 5 7 25 19 14 14 14 14 14 14 14 14 14 15 5 5 7 7 7 6 6 5 5 5 5 26 35 17 14 14 14 14 14 14 14 14 14 14 14 14 14 14 14 14 14 14 14 14 14 14 14 14 14 14 14 14 14 20 34 5 7 5 6 5 7
5 5 5 5 6 6 5 7 7 6 6 7 7 6 6 7 6 7 5 6 5 5 5 6 7 6 7 5 7 6 7 6 7 5 5 7 5 6 5 7 7 5 6 5 7 7 5 7 6 26 17 14 14 14 14 16 35 28 7 6 7 6 6 6 7 5 26 17 14 14 14 14 14 14 14 14 14 14 14 20 34 5 5 7 5 25 21 19 14 14 14 14 14 14 14 14 14 14 15 5 6 5 7 6 6 5 7 7 5 5 6 5 26 17 14 14 14 14 14 14 14 14 14 14 14 14 14 14 14 14 14 14 14 14 14 14 14 14 14 14 14 14 14 20 34 7 6 6 5 7
7 5 7 6 6 6 6 6 5 5 7 6 7 5 5 7 7 5 5 7 7 5 5 7 6 7 5 7 6 5 5 6 6 5 5 7 5 5 7 6 7 5 5 5 7 7 7 5 5 5 26 35 35 35 35 28 7 6 7 5 5 7 6 5 7 5 6 23 14 14 14 14 14 14 14 14 14 14 14 14 20 34 25 21 21 19 14 14 14 14 14 14 14 14 14 14 14 14 15 5 5 6 7 7 6 6 7 7 5 6 5 6 7 26 35 17 14 14 14 14 14 14 14 14 14 14 14 14 14 14 14 14 14 14 14 14 14 14 14 14 14 14 14 14 20 34 6 6 7 7
5 7 5 7 7 7 6 6 5 7 5 6 7 7 5 5 7 7 7 5 6 7 5 7 5 5 7 5 5 5 5 6 6 6 5 7 6 6 6 5 5 7 5 5 6 5 5 7 7 5 5 5 7 5 7 6 5 6 6 6 7 5 6 7 5 7 5 26 17 14 14 14 14 14 14 14 14 14 14 14 14 20 19 14 14 14 14 14 14 14 14 14 14 14 14 14 14 14 15 5 7 5 5 7 7 6 6 6 5 5 7 7 5 5 5 26 35 35 17 14 14 14 14 14 14 14 14 14 14 14 14 14 14 14 14 14 14 14 14 14 14 14 14 14 14 15 7 6 7 6
7 6 7 5 6 7 7 7 6 5 6 6 5 7 6 6 5 5 6 6 6 5 6 5 25 21 21 34 6 5 7 5 7 5 5 5 6 6 5 5 6 5 7 6 6 7 7 7 6 7 6 6 7 7 6 6 6 5 7 5 5 6 5 5 7 5 6 5 26 17 14 14 14 14 14 14 14 14 14 14 14 14 14 14 14 14 14 14 14 14 14 14 14 14 14 14 14 14 20 34 7 5 7 6 7 7 6 5 6 7 7 7 6 5 6 5 5 6 26 35 35 35 35 35 35 35 35 17 14 14 14 14 14 14 14 14 14 14 14 14 14 14 14 14 14 20 34 5 7 7
5 5 7 6 6 7 7 6 7 7 6 6 5 7 7 6 7 6 5 7 5 6 25 21 19 14 14 20 21 34 5 5 7 7 7 7 7 6 6 6 5 6 5 6 5 6 6 6 7 7 7 7 25 21 34 6 7 7 6 7 7 5 6 6 7 7 7 6 6 26 35 17 14 14 14 14 14 14 14 14 14 14 14 14 14 14 14 14 14 14 14 14 14 14 14 14 14 14 14 20 21 21 34 5 6 7 5 7 7 6 6 7 5 6 5 5 6 7 5 5 5 6 7 7 7 5 5 26 35 35 17 14 14 14 14 14 14 14 14 14 14 14 14 14 14 14 20 34 7 6
5 25 21 21 21 21 21 34 7 6 6 6 7 7 5 5 7 6 7 7 5 6 23 14 14 14 14 14 14 20 34 7 6 7 7 7 6 6 5 5 6 6 7 6 7 6 6 7 7 7 25 21 19 14 20 21 34 7 7 6 7 5 6 5 6 5 5 7 7 6 5 26 35 35 35 35 35 17 14 14 14 14 14 14 14 14 14 14 14 14 14 14 14 14 14 14 14 14 14 14 14 14 20 21 34 7 7 7 5 7 5 5 6 7 6 7 7 7 7 5 6 6 6 7 5 7 7 5 6 7 26 35 17 14 14 14 14 14 14 14 14 14 14 14 14 14 14 15 5 6
21 19 14 14 14 14 14 20 21 34 7 5 6 5 7 6 7 6 7 6 7 25 19 14 14 14 14 14 14 14 15 6 5 6 7 5 6 6 5 5 6 7 7 7 7 6 5 5 6 25 19 14 14 14 14 14 20 34 6 6 7 6 7 7 6 6 6 5 5 7 7 7 6 6 6 5 6 26 17 14 14 14 14 14 14 14 14 14 14 14 14 14 14 14 14 14 14 14 14 14 14 14 14 14 20 21 34 7 6 5 5 7 6 7 6 6 7 5 5 5 6 6 5 7 6 7 6 5 5 5 6 5 26 17 14 14 14 14 14 14 14 14 14 14 14 14 14 15 5 7
14 14 14 14 14 14 14 14 14 20 34 6 6 6 6 5 7 6 7 5 25 19 14 14 14 14 14 14 14 14 15 5 5 7 5 5 6 7 7 7 7 6 5 7 7 7 7 6 25 19 14 14 14 14 14 14 14 20 34 7 7 5 7 6 6 5 7 5 7 6 6 5 7 5 7 5 6 5 23 14 14 14 14 14 14 14 14 14 14 14 14 14 14 16 35 35 17 14 14 14 14 14 14 14 14 14 15 7 7 7 6 7 6 6 5 7 7 7 7 5 5 7 6 6 5 6 5 6 6 5 7 6 6 26 17 14 14 14 14 14 14 14 14 14 14 14 14 20 34 6
14 14 14 14 14 14 14 14 14 14 20 34 5 6 7 6 5 7 6 7 23 14 14 14 14 14 14 14 14 14 15 7 7 6 5 5 7 5 5 5 6 7 6 5 5 5 25 21 19 14 14 14 14 14 14 14 14 14 20 34 5 5 5 5 5 6 5 6 7 6 7 7 7 7 5 5 6 25 19 14 14 14 14 14 14 14 14 14 14 14 14 14 16 28 7 7 23 14 14 14 14 14 14 14 14 14 20 34 6 7 5 7 5 7 7 6 7 7 6 5 5 7 7 7 6 7 7 6 6 6 5 6 5 5 26 17 14 14 14 14 14 14 14 14 14 14 14 14 20 34
